subject,seed,solution_id,original_solution_id,coupling,cohesion,imbalance,original_f_semantic,pymoo_f0_coupling,pymoo_f1_negative_cohesion,pymoo_f2_imbalance,feasible,is_injected_seed,label_vector
xerces,19,seed19_solution000,seed19_solution000,0.12563623292595255,1.8306687863274054,5.777720556306981,0.5198359333636041,0.12563623292595255,-1.8306687863274054,5.777720556306981,True,True,"[0, 1, 1, 1, 1, 2, 1, 3, 1, 2, 1, 0, 4, 1, 1, 1, 0, 0, 0, 0, 5, 1, 1, 6, 1, 7, 8, 0, 1, 1, 1, 2, 2, 0, 1, 9, 10, 1, 2, 1, 1, 1, 2, 2, 1, 2, 2, 1, 1, 11, 12, 1, 2, 1, 1, 1, 1, 1, 1, 1, 13, 14, 1, 1, 15, 1, 0, 0, 1, 1, 16, 17, 1, 1, 1, 1, 18, 19, 20, 21, 22, 23, 24, 25, 1, 26, 27, 27, 1, 27, 0, 0, 0, 0, 0, 0, 0, 0, 0, 0, 28, 0, 29, 0, 0, 0, 28, 28, 28, 30, 30, 0, 0, 31, 0, 1, 1, 1, 1, 32, 1, 1, 33, 1, 1, 1, 1, 1, 1, 1, 1, 0, 1, 1, 34, 1, 35, 35, 36, 37, 37, 37, 1, 1, 1, 38, 1, 0, 1, 1, 1, 1, 1, 1, 1, 39, 1, 40, 1, 0, 41, 1, 42, 1, 43, 1, 1, 1, 1, 0, 42, 1, 1, 44, 42, 45, 1, 1, 1, 1, 1, 42, 1, 42, 1, 1, 46, 1, 1, 47, 1, 48, 48, 1, 48, 48, 48, 48, 48, 48, 48, 48, 48, 1, 1, 0, 1, 49, 49, 49, 49, 49, 49, 49, 49, 49, 49, 49, 49, 0, 0, 0, 50, 50, 51, 52, 53, 0, 0, 1, 1, 54, 50, 50, 50, 50, 55, 55, 56, 56, 50, 57, 1, 56, 56, 1, 0, 0, 58, 59, 55, 60, 60, 50, 50, 61, 61, 62, 62, 0, 50, 63, 50, 1, 64, 65, 1, 66, 1, 1, 67, 66, 1, 1, 0, 1, 50, 50, 50, 0, 68, 0, 69, 0, 0, 0, 1, 0, 0, 1, 1, 70, 0, 1, 1, 1, 0, 1, 1, 1, 71, 1, 1, 1, 1, 72, 73, 74, 75, 76, 77, 1, 1, 1, 1, 78, 1, 79, 80, 81, 1, 1, 82, 1, 83, 1, 1, 84, 85, 1, 1, 86, 1, 1, 1, 87, 88, 1, 0, 1, 1, 0, 89, 1, 90, 1, 91, 1, 1, 92, 1, 0, 0, 93, 1, 0, 1, 1, 1, 1, 0, 1, 1, 0, 1, 1, 94, 1, 0, 1, 95, 1, 1, 0, 1, 1, 0, 1, 1, 96, 1, 1, 1, 1, 0, 0, 0, 1, 0, 1, 0, 0, 0, 0, 0, 1, 1, 97, 1, 1, 98, 1, 1, 1, 98, 99, 100, 100, 100, 100, 100, 1, 1, 101, 100, 1, 102, 1, 1, 1, 100, 1, 103, 1, 1, 104, 1, 105, 1, 1, 1, 1, 1, 0, 1, 1, 1, 1, 1, 1, 1, 0, 106, 0, 107, 1, 1, 1, 0, 1, 1, 0, 108, 0, 109, 0, 1, 1, 110, 0, 111, 112, 112, 112, 112, 112, 1, 113, 114, 115, 1, 1, 116, 1, 0, 0, 117, 0, 1, 1, 1, 1, 1, 0, 1, 1, 50, 50, 50, 50, 50, 50, 50, 50, 0, 1, 1, 1, 1, 1, 118, 0, 1, 0, 0, 0, 0, 0, 1, 1, 119, 1, 120, 1, 1, 1, 1, 121, 1, 1, 1, 122, 123, 1, 124, 1, 0, 0, 1, 0, 0, 1, 0, 1, 125, 1, 1, 1, 1, 1, 0, 0, 0, 1, 1, 1, 126, 1, 127, 1, 1, 0, 1, 0, 0, 0, 0, 1, 0, 0, 1, 0, 0, 0, 0, 0, 0, 0, 0, 0, 0, 0, 1, 1, 1, 128, 1, 1, 1, 0, 1, 0, 0, 0, 0, 1, 129, 129, 129, 129, 129, 129, 129, 129, 129, 129, 129, 129, 129, 129, 129, 129, 129, 129, 129, 129, 129, 129, 129, 1, 130, 130, 130, 130, 130, 0, 1, 131, 132, 1, 133, 50, 0, 134, 0, 0, 0, 1, 135, 136, 1, 1, 1, 0, 1, 137, 1, 138, 139, 140, 1, 0, 1, 1, 141, 141, 142, 1, 1, 143, 1, 144, 1, 1, 1, 1, 1, 130, 1, 1, 0, 131, 0, 0, 1, 1, 1, 145, 1, 146, 146, 146, 146, 146, 146, 146, 146, 146, 146, 146, 147, 1, 148, 149, 0, 150, 1, 1, 1, 1, 1, 1, 1, 1, 1, 1, 1, 1, 1, 0, 0, 0, 0, 0, 0, 0, 1, 1, 1, 0, 0, 0, 0, 0, 0, 0, 0, 0, 0, 1, 1, 1, 151, 0, 0, 0, 0, 0, 0, 1, 152, 152, 1, 0, 1, 153, 0, 0, 1, 0, 0, 0, 1, 0, 0, 0, 0, 0, 154, 0, 0, 0, 0, 0, 0, 0, 0, 0, 0, 1, 0, 0, 0, 1, 1, 0, 1, 0, 1, 1, 0, 0, 1, 50, 55, 56, 56, 62, 1, 155, 1, 156, 157, 134, 134, 134, 134, 1, 1, 1, 158, 159, 155, 155, 1, 160, 161, 1, 155, 155, 155, 155, 155, 155, 155, 155, 155, 155, 155, 155, 1, 1, 1, 1]"
xerces,19,seed19_solution001,seed19_solution001,0.12917325664989215,1.039861121161547,5.426756469695421,0.5377149012220535,0.12917325664989215,-1.039861121161547,5.426756469695421,True,False,"[0, 1, 1, 1, 1, 2, 1, 3, 1, 2, 1, 0, 4, 1, 1, 1, 0, 0, 0, 0, 5, 1, 1, 6, 1, 7, 8, 0, 1, 1, 1, 2, 2, 0, 1, 9, 10, 1, 2, 1, 1, 1, 2, 2, 1, 2, 2, 1, 1, 11, 12, 1, 2, 1, 1, 1, 1, 1, 1, 1, 13, 14, 1, 1, 15, 1, 0, 0, 1, 1, 16, 17, 1, 1, 1, 1, 18, 19, 20, 21, 22, 23, 24, 25, 1, 26, 27, 27, 1, 27, 0, 0, 0, 0, 0, 0, 0, 0, 0, 0, 28, 0, 29, 0, 0, 0, 28, 28, 28, 30, 30, 0, 0, 31, 0, 1, 1, 1, 1, 32, 1, 1, 33, 1, 1, 1, 1, 1, 1, 1, 1, 0, 1, 1, 34, 1, 35, 35, 36, 37, 37, 37, 1, 1, 1, 38, 1, 0, 1, 1, 1, 1, 1, 1, 1, 39, 1, 40, 1, 0, 41, 1, 42, 1, 43, 1, 1, 1, 1, 0, 42, 1, 1, 44, 42, 45, 1, 1, 1, 1, 1, 42, 1, 42, 1, 1, 46, 1, 1, 47, 1, 48, 48, 1, 48, 48, 48, 48, 48, 48, 48, 48, 48, 1, 1, 0, 1, 49, 49, 49, 49, 49, 49, 49, 49, 49, 49, 49, 49, 0, 0, 0, 50, 50, 51, 52, 53, 0, 0, 1, 1, 54, 50, 50, 50, 50, 55, 55, 56, 56, 50, 57, 1, 56, 56, 1, 0, 0, 58, 59, 55, 60, 60, 50, 50, 61, 61, 62, 62, 0, 50, 63, 50, 1, 64, 65, 1, 66, 1, 1, 67, 66, 1, 1, 0, 1, 50, 50, 50, 0, 68, 0, 69, 0, 0, 0, 1, 0, 0, 1, 1, 70, 0, 1, 1, 1, 0, 1, 1, 1, 71, 1, 1, 1, 1, 71, 72, 73, 73, 74, 75, 1, 1, 1, 1, 76, 1, 77, 77, 78, 1, 1, 79, 1, 80, 1, 1, 80, 81, 1, 1, 81, 1, 1, 1, 82, 83, 1, 0, 1, 1, 0, 83, 1, 84, 1, 84, 1, 1, 85, 1, 0, 0, 86, 1, 0, 1, 1, 1, 1, 0, 1, 1, 0, 1, 1, 86, 1, 87, 1, 88, 1, 1, 0, 1, 1, 0, 1, 1, 87, 1, 1, 1, 1, 0, 0, 0, 1, 0, 1, 0, 0, 0, 0, 0, 1, 1, 89, 1, 1, 90, 1, 1, 1, 91, 92, 91, 91, 93, 93, 91, 1, 1, 94, 93, 1, 95, 1, 1, 1, 93, 1, 94, 1, 1, 95, 1, 96, 1, 1, 1, 1, 1, 0, 1, 1, 1, 1, 1, 1, 1, 0, 97, 0, 98, 1, 1, 1, 0, 1, 1, 0, 97, 0, 99, 0, 1, 1, 100, 0, 99, 101, 102, 101, 102, 102, 1, 103, 102, 103, 1, 1, 104, 1, 0, 0, 105, 0, 1, 1, 1, 1, 1, 0, 1, 1, 50, 50, 50, 50, 50, 50, 50, 50, 0, 1, 1, 1, 1, 1, 106, 0, 1, 0, 0, 0, 0, 0, 1, 1, 107, 1, 107, 1, 1, 1, 1, 108, 1, 1, 1, 109, 109, 1, 110, 1, 0, 0, 1, 0, 0, 1, 0, 1, 111, 1, 1, 1, 1, 1, 0, 0, 0, 1, 1, 1, 111, 1, 112, 1, 1, 0, 1, 0, 0, 0, 0, 1, 0, 0, 1, 0, 0, 0, 0, 0, 0, 0, 0, 0, 0, 0, 1, 1, 1, 113, 1, 1, 1, 0, 1, 0, 0, 0, 0, 1, 114, 114, 114, 114, 114, 114, 113, 113, 114, 114, 114, 114, 113, 114, 113, 114, 113, 113, 113, 114, 113, 114, 113, 1, 115, 115, 114, 114, 114, 0, 1, 116, 116, 1, 117, 50, 0, 118, 0, 0, 0, 1, 118, 119, 1, 1, 1, 0, 1, 119, 1, 120, 121, 122, 1, 0, 1, 1, 123, 123, 124, 1, 1, 125, 1, 126, 1, 1, 1, 1, 1, 115, 1, 1, 0, 116, 0, 0, 1, 1, 1, 127, 1, 128, 128, 128, 128, 128, 128, 128, 128, 128, 128, 128, 129, 1, 130, 131, 0, 132, 1, 1, 1, 1, 1, 1, 1, 1, 1, 1, 1, 1, 1, 0, 0, 0, 0, 0, 0, 0, 1, 1, 1, 0, 0, 0, 0, 0, 0, 0, 0, 0, 0, 1, 1, 1, 133, 0, 0, 0, 0, 0, 0, 1, 134, 134, 1, 0, 1, 135, 0, 0, 1, 0, 0, 0, 1, 0, 0, 0, 0, 0, 136, 0, 0, 0, 0, 0, 0, 0, 0, 0, 0, 1, 0, 0, 0, 1, 1, 0, 1, 0, 1, 1, 0, 0, 1, 50, 55, 56, 56, 62, 1, 137, 1, 138, 139, 117, 117, 117, 118, 1, 1, 1, 140, 141, 137, 137, 1, 142, 143, 1, 137, 137, 137, 137, 137, 137, 137, 137, 137, 137, 137, 137, 1, 1, 1, 1]"
xerces,19,seed19_solution002,seed19_solution002,0.13811646297627606,0.9634397422148786,5.3738766667015145,0.5421580101322526,0.13811646297627606,-0.9634397422148786,5.3738766667015145,True,False,"[0, 1, 1, 1, 1, 2, 1, 3, 1, 2, 1, 0, 4, 1, 1, 1, 0, 0, 0, 0, 5, 1, 1, 6, 1, 7, 8, 0, 1, 1, 1, 2, 2, 0, 1, 9, 10, 1, 2, 1, 1, 1, 2, 2, 1, 2, 2, 1, 1, 11, 12, 1, 2, 1, 1, 1, 1, 1, 1, 1, 13, 14, 1, 1, 15, 1, 0, 0, 1, 1, 16, 17, 1, 1, 1, 1, 18, 19, 20, 21, 22, 23, 24, 25, 1, 26, 27, 27, 1, 27, 0, 0, 0, 0, 0, 0, 0, 0, 0, 0, 28, 29, 30, 0, 0, 0, 28, 28, 28, 31, 31, 0, 0, 32, 0, 1, 1, 1, 1, 33, 1, 1, 34, 1, 1, 1, 1, 1, 1, 1, 1, 0, 1, 1, 35, 1, 36, 36, 37, 38, 38, 38, 1, 39, 1, 40, 1, 0, 1, 1, 1, 1, 1, 1, 1, 41, 1, 42, 1, 0, 43, 1, 44, 1, 45, 1, 1, 1, 1, 0, 44, 1, 1, 46, 44, 47, 1, 1, 1, 16, 1, 44, 1, 44, 1, 1, 48, 1, 1, 49, 1, 50, 50, 1, 50, 50, 50, 50, 50, 50, 50, 50, 50, 1, 1, 0, 1, 51, 51, 51, 51, 51, 51, 51, 51, 51, 51, 51, 51, 0, 0, 0, 52, 52, 53, 54, 55, 0, 0, 1, 1, 56, 52, 52, 52, 52, 57, 57, 58, 58, 52, 59, 1, 58, 58, 1, 0, 0, 60, 61, 57, 62, 62, 52, 52, 63, 63, 64, 64, 0, 52, 39, 52, 1, 65, 66, 1, 67, 1, 1, 68, 67, 1, 1, 0, 1, 52, 52, 52, 0, 69, 0, 70, 0, 0, 0, 1, 0, 0, 1, 1, 71, 0, 1, 1, 1, 0, 1, 1, 1, 72, 1, 1, 1, 1, 72, 73, 74, 74, 75, 76, 1, 1, 1, 1, 77, 1, 78, 78, 79, 1, 36, 80, 1, 41, 1, 1, 81, 82, 1, 1, 82, 1, 1, 1, 83, 84, 1, 0, 1, 1, 0, 84, 1, 85, 1, 85, 1, 1, 86, 1, 0, 0, 87, 1, 0, 1, 1, 1, 1, 0, 1, 1, 0, 1, 1, 87, 1, 88, 1, 89, 1, 1, 0, 1, 1, 0, 1, 1, 88, 1, 1, 1, 1, 0, 0, 0, 1, 0, 1, 0, 0, 0, 0, 0, 1, 1, 90, 1, 1, 91, 1, 1, 1, 92, 93, 92, 92, 94, 94, 92, 1, 1, 95, 94, 1, 96, 1, 1, 1, 94, 1, 95, 1, 1, 96, 1, 97, 1, 1, 1, 1, 1, 0, 1, 1, 1, 1, 1, 1, 1, 0, 98, 0, 99, 1, 1, 1, 0, 1, 1, 0, 98, 0, 100, 0, 1, 1, 101, 0, 100, 102, 103, 102, 103, 103, 1, 104, 103, 104, 1, 1, 105, 1, 0, 0, 106, 0, 1, 1, 1, 1, 1, 0, 1, 1, 52, 52, 52, 52, 52, 52, 52, 52, 0, 1, 1, 1, 1, 1, 107, 0, 1, 0, 0, 0, 0, 0, 1, 1, 108, 1, 108, 1, 1, 1, 1, 109, 1, 1, 1, 110, 110, 1, 111, 1, 0, 0, 1, 0, 0, 1, 0, 1, 112, 1, 1, 1, 1, 1, 0, 0, 0, 1, 1, 1, 112, 1, 113, 1, 1, 0, 1, 0, 0, 0, 0, 1, 58, 0, 1, 0, 0, 0, 0, 0, 0, 0, 0, 0, 0, 0, 1, 1, 1, 114, 1, 1, 1, 0, 1, 0, 0, 0, 0, 1, 115, 115, 115, 115, 115, 115, 114, 114, 115, 115, 115, 115, 114, 115, 114, 115, 114, 114, 114, 115, 114, 115, 114, 1, 116, 116, 115, 115, 115, 0, 1, 117, 117, 1, 118, 52, 0, 119, 0, 0, 0, 1, 119, 120, 1, 1, 1, 0, 1, 120, 1, 121, 122, 123, 1, 0, 1, 1, 124, 124, 125, 1, 1, 126, 1, 127, 1, 1, 1, 1, 1, 116, 1, 1, 0, 117, 0, 0, 1, 1, 1, 128, 1, 129, 129, 129, 129, 129, 129, 129, 129, 129, 129, 129, 130, 1, 131, 132, 0, 133, 1, 1, 1, 1, 1, 1, 1, 1, 1, 1, 1, 1, 1, 0, 0, 0, 0, 0, 0, 0, 1, 1, 1, 0, 0, 0, 0, 0, 0, 0, 0, 0, 0, 1, 1, 1, 134, 0, 0, 0, 0, 0, 0, 1, 29, 29, 1, 0, 1, 135, 0, 0, 1, 0, 0, 0, 1, 0, 0, 0, 0, 0, 136, 0, 0, 0, 0, 0, 0, 0, 0, 0, 0, 1, 0, 0, 0, 1, 1, 0, 1, 0, 1, 1, 0, 0, 1, 52, 57, 58, 58, 64, 1, 137, 1, 138, 139, 118, 118, 118, 119, 1, 1, 1, 140, 141, 137, 137, 1, 142, 143, 1, 137, 137, 137, 137, 137, 137, 137, 137, 137, 137, 137, 137, 1, 1, 1, 1]"
xerces,19,seed19_solution003,seed19_solution003,0.13814521926671458,0.4709108989354545,5.343317194585001,0.5473049970982196,0.13814521926671458,-0.4709108989354545,5.343317194585001,True,False,"[0, 1, 1, 1, 1, 2, 1, 3, 1, 2, 1, 0, 4, 1, 1, 1, 0, 0, 0, 0, 5, 1, 1, 6, 1, 7, 8, 0, 1, 1, 1, 2, 2, 0, 1, 9, 10, 1, 2, 1, 1, 1, 2, 2, 1, 2, 2, 1, 1, 11, 12, 1, 2, 1, 1, 1, 1, 1, 1, 1, 13, 14, 1, 1, 15, 1, 0, 0, 1, 1, 16, 17, 1, 1, 1, 1, 18, 19, 20, 21, 22, 23, 24, 25, 1, 26, 27, 27, 1, 27, 0, 0, 0, 0, 0, 0, 0, 0, 0, 0, 28, 0, 29, 0, 0, 0, 28, 28, 28, 30, 30, 0, 0, 31, 0, 1, 1, 1, 1, 32, 1, 1, 33, 1, 1, 1, 1, 1, 1, 1, 1, 0, 1, 1, 34, 1, 35, 35, 36, 37, 37, 37, 1, 1, 1, 38, 1, 0, 1, 1, 1, 1, 1, 1, 1, 39, 1, 40, 1, 0, 41, 1, 42, 1, 43, 1, 1, 1, 1, 0, 42, 1, 1, 44, 42, 45, 1, 1, 1, 1, 1, 42, 1, 42, 1, 1, 46, 1, 1, 47, 1, 48, 48, 1, 48, 48, 48, 48, 48, 48, 48, 48, 48, 1, 1, 0, 1, 49, 49, 49, 49, 49, 49, 49, 49, 49, 49, 49, 49, 0, 0, 0, 50, 50, 51, 52, 53, 0, 0, 1, 1, 54, 50, 50, 50, 50, 55, 55, 56, 56, 50, 57, 1, 56, 56, 1, 0, 0, 58, 59, 55, 60, 60, 50, 50, 61, 61, 62, 62, 0, 50, 63, 50, 1, 64, 65, 1, 66, 1, 1, 67, 66, 1, 1, 0, 1, 50, 50, 50, 0, 68, 0, 69, 0, 0, 0, 1, 0, 0, 1, 1, 70, 0, 1, 1, 1, 0, 1, 1, 1, 71, 1, 1, 1, 1, 71, 72, 73, 74, 75, 74, 1, 1, 1, 1, 76, 1, 77, 77, 78, 1, 1, 79, 1, 80, 1, 1, 81, 82, 1, 1, 83, 1, 1, 1, 84, 80, 1, 0, 1, 1, 0, 85, 1, 81, 1, 86, 1, 1, 87, 1, 0, 0, 83, 1, 0, 1, 1, 1, 1, 0, 1, 1, 0, 1, 1, 83, 1, 84, 1, 88, 1, 1, 0, 1, 1, 0, 1, 1, 89, 1, 1, 1, 1, 0, 0, 0, 1, 0, 1, 0, 0, 0, 0, 0, 1, 1, 85, 1, 1, 90, 1, 1, 1, 86, 91, 92, 92, 93, 93, 86, 1, 1, 94, 92, 1, 95, 1, 1, 1, 92, 1, 96, 1, 1, 95, 1, 97, 1, 1, 1, 1, 1, 0, 1, 1, 1, 1, 1, 1, 1, 0, 98, 0, 90, 1, 1, 1, 0, 1, 1, 0, 99, 0, 91, 0, 1, 1, 92, 0, 91, 94, 100, 101, 100, 101, 1, 96, 100, 96, 1, 1, 102, 1, 0, 0, 103, 0, 1, 1, 1, 1, 1, 0, 1, 1, 50, 50, 50, 50, 50, 50, 50, 50, 0, 1, 1, 1, 1, 1, 104, 0, 1, 0, 0, 0, 0, 0, 1, 1, 105, 1, 106, 1, 1, 1, 1, 68, 1, 1, 1, 107, 108, 1, 109, 1, 0, 0, 1, 0, 0, 1, 0, 1, 110, 1, 1, 1, 1, 1, 0, 0, 0, 1, 1, 1, 111, 1, 101, 1, 1, 0, 1, 0, 0, 0, 0, 1, 0, 0, 1, 0, 0, 0, 0, 0, 0, 0, 0, 0, 0, 0, 1, 1, 1, 112, 1, 1, 1, 0, 1, 0, 0, 0, 0, 1, 113, 113, 113, 114, 114, 113, 113, 113, 114, 114, 114, 114, 115, 114, 113, 114, 115, 113, 113, 114, 115, 114, 115, 1, 116, 116, 114, 114, 116, 0, 1, 117, 118, 1, 103, 50, 0, 119, 0, 0, 0, 1, 120, 121, 1, 1, 1, 0, 1, 105, 1, 122, 123, 124, 1, 0, 1, 1, 108, 108, 125, 1, 1, 126, 1, 127, 1, 1, 1, 1, 1, 128, 1, 1, 0, 102, 0, 0, 1, 1, 1, 129, 1, 130, 112, 130, 112, 130, 112, 130, 130, 130, 130, 130, 113, 1, 116, 131, 0, 118, 1, 1, 1, 1, 1, 1, 1, 1, 1, 1, 1, 1, 1, 0, 0, 0, 0, 0, 0, 0, 1, 1, 1, 0, 0, 0, 0, 0, 0, 0, 0, 0, 0, 1, 1, 1, 132, 0, 0, 0, 0, 0, 0, 1, 133, 133, 1, 0, 1, 120, 0, 0, 1, 0, 0, 0, 1, 0, 0, 0, 0, 0, 121, 0, 0, 0, 0, 0, 0, 0, 0, 0, 0, 1, 0, 0, 0, 1, 1, 0, 1, 0, 1, 1, 0, 0, 1, 50, 55, 56, 56, 62, 1, 134, 1, 122, 135, 103, 119, 119, 104, 1, 1, 1, 124, 136, 137, 137, 1, 138, 139, 1, 137, 137, 137, 134, 137, 137, 137, 134, 134, 137, 134, 137, 1, 1, 1, 1]"
xerces,19,seed19_solution004,seed19_solution004,0.14473040977713875,1.8230015134896802,5.689584837185652,0.528947379693098,0.14473040977713875,-1.8230015134896802,5.689584837185652,True,False,"[0, 1, 1, 1, 1, 2, 1, 3, 1, 2, 1, 0, 4, 1, 1, 1, 0, 0, 0, 0, 5, 1, 1, 6, 1, 7, 8, 0, 1, 1, 1, 2, 2, 0, 1, 9, 10, 1, 2, 1, 1, 1, 2, 2, 1, 2, 2, 1, 1, 11, 12, 1, 2, 1, 1, 1, 1, 1, 1, 1, 13, 14, 1, 1, 15, 1, 0, 0, 1, 1, 16, 17, 1, 1, 1, 1, 18, 19, 20, 21, 22, 23, 24, 25, 1, 26, 27, 27, 1, 27, 0, 0, 0, 0, 0, 0, 0, 0, 0, 0, 28, 0, 29, 0, 0, 0, 28, 28, 28, 30, 30, 0, 0, 31, 0, 1, 1, 1, 1, 32, 1, 1, 33, 1, 1, 1, 1, 34, 1, 1, 1, 0, 1, 1, 35, 1, 36, 36, 37, 38, 38, 38, 1, 1, 1, 39, 1, 0, 1, 1, 1, 1, 1, 1, 1, 40, 1, 41, 1, 0, 42, 1, 43, 1, 44, 1, 1, 1, 1, 0, 43, 1, 1, 45, 39, 46, 1, 1, 1, 1, 1, 43, 1, 43, 1, 1, 47, 1, 1, 48, 1, 49, 49, 1, 49, 49, 49, 49, 49, 49, 49, 49, 49, 1, 1, 0, 1, 50, 50, 50, 50, 50, 50, 50, 50, 50, 50, 50, 50, 0, 0, 0, 51, 51, 52, 53, 54, 0, 0, 1, 1, 55, 51, 51, 51, 51, 56, 56, 57, 57, 51, 58, 1, 57, 57, 1, 0, 0, 59, 60, 56, 61, 61, 51, 51, 62, 62, 63, 63, 0, 51, 64, 51, 1, 65, 66, 1, 67, 1, 1, 68, 67, 1, 1, 0, 1, 51, 51, 51, 0, 69, 0, 70, 0, 0, 0, 1, 0, 0, 71, 1, 72, 0, 1, 1, 1, 0, 1, 1, 1, 73, 1, 1, 1, 1, 74, 75, 76, 77, 78, 79, 1, 1, 1, 1, 80, 1, 81, 82, 83, 1, 1, 84, 1, 85, 1, 1, 86, 87, 1, 1, 88, 1, 1, 1, 89, 90, 1, 0, 1, 1, 0, 91, 1, 92, 1, 93, 1, 1, 94, 1, 0, 0, 95, 1, 0, 1, 1, 1, 1, 0, 1, 1, 0, 1, 1, 96, 1, 97, 1, 98, 1, 1, 0, 1, 1, 0, 1, 1, 99, 1, 1, 1, 1, 0, 0, 0, 1, 0, 1, 0, 0, 0, 0, 0, 1, 1, 100, 1, 1, 101, 1, 1, 1, 101, 102, 103, 103, 103, 103, 103, 1, 1, 104, 103, 1, 105, 1, 1, 1, 103, 1, 106, 1, 1, 107, 1, 42, 1, 1, 1, 1, 1, 0, 1, 1, 1, 1, 1, 1, 1, 0, 108, 0, 109, 1, 1, 1, 0, 1, 1, 0, 110, 0, 111, 0, 1, 1, 112, 0, 113, 114, 114, 114, 114, 114, 1, 115, 116, 71, 1, 1, 117, 1, 0, 0, 118, 0, 1, 1, 1, 1, 82, 0, 1, 1, 51, 51, 51, 51, 51, 51, 51, 51, 0, 1, 1, 1, 1, 1, 119, 0, 1, 0, 0, 0, 0, 0, 1, 1, 120, 1, 121, 1, 1, 1, 1, 122, 1, 1, 27, 123, 124, 1, 125, 1, 0, 0, 1, 0, 0, 1, 0, 1, 126, 1, 1, 1, 1, 1, 0, 0, 0, 1, 1, 1, 127, 1, 128, 1, 1, 0, 1, 0, 0, 0, 0, 1, 0, 0, 1, 0, 0, 0, 0, 0, 0, 0, 0, 18, 0, 0, 1, 1, 1, 129, 1, 1, 1, 0, 1, 0, 0, 0, 0, 1, 130, 130, 130, 130, 130, 130, 130, 130, 130, 130, 130, 130, 130, 130, 130, 130, 130, 130, 130, 130, 130, 130, 130, 1, 131, 131, 131, 131, 131, 0, 1, 132, 133, 1, 134, 51, 0, 135, 0, 0, 0, 1, 136, 137, 1, 1, 1, 0, 1, 97, 1, 138, 34, 139, 1, 0, 1, 1, 140, 140, 141, 1, 1, 142, 1, 143, 1, 1, 1, 1, 1, 131, 1, 1, 0, 132, 0, 0, 1, 1, 1, 144, 1, 145, 145, 145, 145, 145, 145, 145, 145, 145, 145, 145, 146, 1, 147, 148, 0, 149, 1, 1, 1, 1, 1, 1, 1, 1, 1, 1, 1, 1, 1, 0, 0, 0, 0, 0, 0, 0, 1, 1, 1, 0, 0, 0, 0, 0, 0, 0, 0, 0, 0, 1, 1, 1, 150, 0, 0, 0, 0, 0, 0, 1, 151, 151, 1, 0, 1, 152, 0, 0, 1, 0, 0, 0, 1, 0, 0, 0, 0, 0, 153, 0, 0, 0, 0, 0, 0, 0, 0, 0, 0, 1, 0, 0, 0, 1, 1, 0, 1, 0, 1, 1, 0, 0, 1, 51, 56, 57, 57, 63, 1, 154, 1, 155, 156, 135, 135, 135, 135, 1, 1, 1, 157, 158, 154, 154, 1, 159, 160, 1, 154, 154, 154, 154, 154, 154, 154, 154, 154, 154, 154, 154, 1, 1, 1, 1]"
xerces,19,seed19_solution005,seed19_solution005,0.15453630481667865,1.953145549017454,5.058885720673168,0.5874016715757178,0.15453630481667865,-1.953145549017454,5.058885720673168,True,False,"[0, 1, 1, 1, 1, 2, 1, 3, 1, 2, 1, 0, 4, 1, 1, 1, 0, 0, 0, 0, 5, 1, 1, 6, 1, 7, 8, 0, 1, 1, 1, 2, 2, 0, 1, 9, 10, 1, 2, 1, 1, 1, 2, 2, 1, 2, 2, 1, 1, 11, 12, 1, 2, 1, 1, 1, 1, 1, 1, 1, 13, 14, 1, 1, 15, 1, 0, 0, 1, 1, 16, 17, 1, 1, 1, 1, 18, 19, 20, 21, 22, 23, 24, 25, 1, 26, 27, 27, 1, 27, 0, 0, 0, 0, 0, 0, 0, 0, 0, 0, 28, 0, 29, 0, 0, 0, 28, 28, 28, 30, 30, 0, 0, 30, 0, 1, 1, 1, 1, 31, 1, 1, 32, 1, 1, 1, 1, 33, 1, 1, 1, 0, 34, 1, 34, 1, 35, 35, 36, 35, 37, 37, 1, 1, 1, 36, 1, 0, 1, 1, 1, 1, 1, 1, 1, 38, 1, 38, 1, 0, 39, 1, 40, 1, 40, 1, 1, 1, 1, 0, 41, 1, 1, 40, 40, 42, 1, 1, 1, 43, 1, 44, 1, 44, 1, 1, 45, 1, 1, 45, 1, 46, 46, 1, 47, 42, 46, 46, 46, 46, 46, 42, 45, 1, 1, 0, 1, 46, 48, 48, 48, 48, 48, 46, 49, 46, 42, 48, 46, 0, 0, 0, 46, 50, 50, 50, 51, 0, 0, 1, 1, 52, 53, 53, 51, 50, 54, 55, 56, 56, 50, 57, 1, 56, 56, 1, 0, 0, 51, 54, 56, 58, 54, 48, 46, 59, 60, 61, 61, 0, 51, 62, 48, 1, 63, 59, 1, 64, 1, 1, 65, 63, 1, 1, 0, 1, 50, 50, 46, 0, 66, 0, 61, 0, 0, 0, 1, 0, 0, 1, 1, 67, 0, 1, 1, 1, 0, 1, 1, 1, 68, 1, 1, 1, 1, 68, 69, 64, 64, 70, 71, 1, 1, 1, 1, 65, 1, 62, 72, 66, 1, 1, 73, 1, 64, 1, 1, 74, 34, 1, 1, 75, 1, 1, 1, 68, 76, 1, 0, 1, 1, 0, 77, 1, 78, 1, 79, 1, 1, 78, 1, 0, 0, 80, 1, 0, 1, 1, 1, 1, 0, 1, 1, 0, 1, 1, 80, 1, 70, 1, 71, 1, 1, 0, 1, 1, 0, 1, 1, 81, 1, 1, 1, 1, 0, 0, 0, 1, 0, 1, 0, 0, 0, 0, 0, 1, 1, 81, 1, 1, 82, 1, 1, 1, 83, 84, 85, 85, 74, 86, 83, 1, 1, 87, 72, 1, 88, 1, 1, 1, 74, 1, 87, 1, 1, 88, 1, 89, 1, 1, 1, 1, 1, 0, 1, 1, 1, 1, 1, 1, 1, 0, 68, 0, 90, 1, 1, 1, 0, 1, 1, 0, 91, 0, 79, 0, 1, 1, 92, 0, 93, 94, 80, 95, 79, 96, 1, 97, 94, 97, 1, 1, 98, 1, 0, 0, 99, 0, 1, 1, 1, 1, 1, 0, 1, 1, 53, 50, 50, 50, 50, 46, 50, 50, 0, 1, 1, 1, 1, 1, 82, 0, 1, 0, 0, 0, 0, 0, 1, 1, 100, 1, 83, 1, 1, 1, 1, 101, 1, 1, 1, 95, 102, 1, 79, 1, 0, 0, 1, 0, 0, 1, 0, 1, 103, 1, 1, 1, 1, 1, 0, 0, 0, 1, 1, 1, 87, 1, 88, 1, 1, 0, 1, 0, 0, 0, 0, 1, 0, 0, 1, 0, 0, 0, 0, 0, 0, 0, 0, 0, 0, 0, 1, 1, 1, 104, 1, 1, 1, 0, 1, 0, 0, 0, 0, 1, 105, 105, 91, 89, 105, 105, 99, 104, 105, 105, 105, 105, 43, 105, 88, 105, 104, 88, 43, 98, 104, 105, 104, 1, 106, 106, 105, 91, 91, 0, 1, 107, 82, 1, 108, 50, 0, 109, 0, 0, 0, 1, 109, 88, 1, 1, 1, 0, 1, 96, 1, 110, 111, 83, 1, 0, 1, 1, 112, 112, 113, 1, 1, 97, 1, 114, 1, 1, 1, 1, 1, 106, 1, 1, 0, 107, 0, 0, 1, 1, 1, 115, 1, 102, 116, 102, 117, 116, 102, 117, 116, 89, 116, 89, 118, 1, 119, 120, 0, 88, 1, 1, 1, 1, 1, 1, 1, 1, 1, 1, 1, 1, 1, 0, 0, 0, 0, 0, 0, 0, 1, 1, 1, 0, 0, 0, 0, 0, 0, 0, 0, 0, 0, 1, 1, 1, 15, 0, 0, 0, 0, 0, 0, 1, 118, 29, 1, 0, 1, 121, 0, 0, 1, 0, 0, 0, 1, 0, 0, 0, 0, 0, 122, 0, 0, 0, 0, 0, 0, 0, 0, 0, 0, 1, 0, 0, 0, 1, 1, 0, 1, 0, 1, 1, 0, 0, 1, 50, 51, 56, 55, 54, 1, 123, 1, 101, 106, 108, 80, 102, 88, 1, 1, 1, 124, 125, 109, 105, 1, 118, 126, 1, 123, 109, 123, 123, 109, 123, 97, 109, 97, 127, 109, 105, 1, 1, 1, 1]"
xerces,19,seed19_solution007,seed19_solution007,0.16324946081955427,0.3201000612695124,4.917363716966406,0.5949827508520538,0.16324946081955427,-0.3201000612695124,4.917363716966406,True,False,"[0, 1, 1, 1, 1, 2, 1, 3, 1, 2, 1, 0, 4, 1, 1, 1, 0, 0, 0, 0, 5, 1, 1, 6, 1, 7, 8, 0, 1, 1, 1, 2, 2, 0, 1, 9, 10, 1, 2, 1, 1, 1, 2, 2, 1, 2, 2, 1, 1, 11, 12, 1, 2, 1, 1, 1, 1, 1, 1, 1, 13, 14, 1, 1, 15, 1, 0, 0, 1, 1, 16, 17, 1, 1, 1, 1, 18, 19, 20, 21, 22, 23, 24, 25, 1, 26, 27, 27, 1, 27, 0, 0, 0, 0, 0, 0, 0, 0, 0, 0, 28, 0, 29, 0, 0, 0, 28, 28, 28, 30, 30, 0, 0, 30, 0, 1, 1, 1, 1, 31, 1, 1, 32, 1, 1, 1, 1, 33, 1, 1, 1, 0, 34, 1, 33, 1, 35, 33, 36, 35, 37, 38, 1, 1, 1, 36, 1, 0, 1, 1, 1, 1, 1, 1, 1, 38, 1, 39, 1, 0, 40, 1, 41, 1, 42, 1, 1, 1, 1, 0, 41, 1, 1, 42, 40, 43, 1, 1, 1, 16, 1, 44, 1, 44, 1, 1, 45, 1, 1, 46, 1, 41, 46, 1, 47, 45, 45, 42, 47, 46, 47, 45, 46, 1, 1, 0, 1, 48, 43, 48, 45, 45, 45, 48, 43, 48, 45, 48, 48, 0, 0, 0, 48, 49, 50, 50, 51, 0, 0, 1, 1, 51, 52, 52, 53, 48, 53, 54, 50, 54, 48, 55, 1, 56, 56, 1, 0, 0, 53, 55, 56, 57, 55, 49, 48, 57, 58, 59, 59, 0, 53, 38, 49, 1, 60, 61, 1, 62, 1, 1, 63, 64, 1, 1, 0, 1, 48, 52, 48, 0, 62, 0, 62, 0, 0, 0, 1, 0, 0, 1, 1, 63, 0, 1, 1, 1, 0, 1, 1, 1, 65, 1, 1, 1, 1, 64, 65, 66, 66, 65, 62, 1, 1, 1, 1, 67, 1, 63, 68, 68, 1, 1, 69, 1, 66, 1, 1, 70, 34, 1, 1, 34, 1, 1, 1, 71, 72, 1, 0, 1, 1, 0, 72, 1, 73, 1, 73, 1, 1, 73, 1, 0, 0, 72, 1, 0, 1, 1, 1, 1, 0, 1, 1, 0, 1, 1, 69, 1, 74, 1, 75, 1, 1, 0, 1, 1, 0, 1, 1, 76, 1, 1, 1, 1, 0, 0, 0, 1, 0, 1, 0, 0, 0, 0, 0, 1, 1, 76, 1, 1, 77, 1, 1, 1, 78, 79, 78, 78, 80, 79, 78, 1, 1, 78, 77, 1, 81, 1, 1, 1, 80, 1, 73, 1, 1, 81, 1, 82, 1, 1, 1, 1, 1, 0, 1, 1, 1, 1, 1, 1, 1, 0, 71, 0, 82, 1, 1, 1, 0, 1, 1, 0, 83, 0, 84, 0, 1, 1, 84, 0, 79, 85, 86, 87, 84, 84, 1, 81, 85, 88, 1, 1, 89, 1, 0, 0, 88, 0, 1, 1, 1, 1, 1, 0, 1, 1, 52, 49, 48, 53, 49, 48, 45, 48, 0, 1, 1, 1, 1, 1, 90, 0, 1, 0, 0, 0, 0, 0, 1, 1, 91, 1, 91, 1, 1, 1, 1, 92, 1, 1, 1, 87, 90, 1, 84, 1, 0, 0, 1, 0, 0, 1, 0, 1, 93, 1, 1, 1, 1, 1, 0, 0, 0, 1, 1, 1, 94, 1, 95, 1, 1, 0, 1, 0, 0, 0, 0, 1, 54, 0, 1, 0, 0, 0, 0, 0, 0, 0, 0, 0, 0, 0, 1, 1, 1, 86, 1, 1, 1, 0, 1, 0, 0, 0, 0, 1, 96, 96, 97, 96, 96, 89, 88, 92, 97, 83, 10, 96, 98, 89, 95, 96, 95, 95, 98, 89, 89, 92, 98, 1, 99, 99, 96, 97, 97, 0, 1, 100, 90, 1, 85, 45, 0, 95, 0, 0, 0, 1, 101, 95, 1, 1, 1, 0, 1, 102, 1, 103, 104, 91, 1, 0, 1, 1, 102, 98, 105, 1, 1, 103, 1, 106, 1, 1, 1, 1, 1, 107, 1, 1, 0, 104, 0, 0, 1, 1, 1, 108, 1, 109, 110, 109, 110, 109, 109, 110, 111, 96, 107, 96, 112, 1, 101, 108, 0, 95, 1, 1, 1, 1, 1, 1, 1, 1, 1, 1, 1, 1, 1, 0, 0, 0, 0, 0, 0, 0, 1, 1, 1, 0, 0, 0, 0, 0, 76, 0, 0, 0, 0, 1, 1, 1, 102, 0, 0, 0, 0, 0, 0, 1, 112, 29, 1, 0, 1, 113, 0, 0, 1, 0, 0, 0, 1, 0, 0, 0, 0, 0, 106, 0, 0, 0, 0, 0, 0, 0, 0, 0, 0, 1, 0, 0, 0, 1, 1, 0, 1, 0, 1, 1, 0, 0, 1, 48, 53, 56, 54, 55, 1, 114, 1, 108, 115, 102, 86, 109, 95, 1, 1, 1, 116, 117, 118, 114, 1, 112, 119, 1, 120, 118, 114, 118, 118, 103, 103, 118, 103, 121, 118, 114, 1, 1, 1, 1]"
xerces,19,seed19_solution009,seed19_solution009,0.17432063263838965,0.21543683146531742,4.771506362643476,0.6117270783034076,0.17432063263838965,-0.21543683146531742,4.771506362643476,True,False,"[0, 1, 1, 1, 1, 2, 1, 3, 1, 2, 1, 0, 4, 1, 1, 1, 0, 0, 0, 0, 5, 1, 1, 6, 1, 7, 8, 0, 1, 1, 1, 2, 2, 0, 1, 9, 10, 1, 2, 1, 1, 1, 2, 2, 1, 2, 2, 1, 1, 11, 12, 1, 2, 1, 1, 1, 1, 1, 1, 1, 13, 14, 1, 1, 15, 1, 0, 0, 1, 1, 15, 16, 1, 1, 1, 1, 17, 18, 19, 18, 19, 20, 21, 19, 1, 22, 19, 23, 1, 20, 0, 0, 0, 0, 0, 0, 0, 0, 0, 0, 24, 0, 21, 0, 0, 0, 24, 24, 24, 22, 25, 0, 0, 20, 0, 1, 1, 1, 1, 26, 1, 1, 27, 1, 1, 1, 1, 1, 1, 1, 1, 0, 28, 1, 24, 1, 29, 30, 22, 24, 31, 32, 1, 1, 1, 33, 1, 0, 1, 1, 1, 1, 1, 1, 1, 34, 1, 27, 1, 0, 30, 1, 28, 1, 24, 1, 1, 1, 1, 0, 29, 1, 1, 35, 36, 37, 1, 1, 1, 1, 1, 31, 1, 38, 1, 1, 25, 1, 1, 39, 1, 40, 39, 1, 41, 42, 36, 35, 35, 35, 37, 43, 44, 1, 1, 0, 1, 37, 44, 45, 43, 43, 43, 29, 37, 37, 38, 29, 45, 0, 0, 0, 33, 36, 46, 35, 47, 0, 0, 1, 1, 47, 48, 39, 49, 38, 49, 50, 46, 50, 45, 51, 1, 52, 41, 1, 0, 0, 49, 53, 35, 47, 40, 43, 45, 54, 47, 55, 55, 0, 49, 42, 44, 1, 48, 56, 1, 53, 1, 1, 52, 57, 1, 1, 0, 1, 41, 41, 45, 0, 58, 0, 54, 0, 0, 0, 1, 0, 0, 59, 1, 60, 0, 1, 1, 1, 0, 1, 1, 1, 61, 1, 1, 1, 1, 48, 61, 62, 63, 61, 58, 1, 1, 1, 1, 55, 1, 60, 56, 64, 1, 1, 65, 1, 36, 1, 1, 66, 28, 1, 1, 59, 1, 1, 1, 67, 68, 1, 0, 1, 1, 0, 63, 1, 69, 1, 70, 1, 1, 69, 1, 0, 0, 68, 1, 0, 1, 1, 1, 1, 0, 1, 1, 0, 1, 1, 65, 1, 71, 1, 65, 1, 1, 0, 1, 1, 0, 1, 1, 66, 1, 1, 1, 1, 0, 0, 0, 1, 0, 1, 0, 0, 0, 0, 0, 1, 1, 57, 1, 1, 72, 1, 1, 1, 73, 68, 60, 56, 74, 71, 73, 1, 1, 73, 68, 1, 75, 1, 1, 1, 74, 1, 72, 1, 1, 76, 1, 58, 1, 1, 1, 1, 1, 0, 1, 1, 1, 1, 1, 1, 1, 0, 69, 0, 77, 1, 1, 1, 0, 1, 1, 0, 55, 0, 78, 0, 1, 1, 73, 0, 66, 63, 79, 67, 78, 78, 1, 76, 58, 74, 1, 1, 80, 1, 0, 0, 81, 0, 1, 1, 1, 1, 1, 0, 1, 1, 48, 45, 42, 49, 51, 45, 43, 43, 0, 1, 1, 1, 1, 1, 82, 0, 1, 0, 0, 0, 0, 0, 1, 1, 62, 1, 83, 1, 1, 1, 1, 74, 1, 1, 20, 78, 58, 1, 69, 1, 0, 0, 1, 0, 0, 1, 0, 1, 73, 1, 1, 1, 1, 1, 0, 0, 0, 1, 1, 1, 84, 1, 85, 1, 1, 0, 1, 0, 0, 0, 0, 1, 0, 0, 1, 0, 0, 0, 0, 0, 0, 0, 0, 0, 0, 0, 1, 1, 1, 86, 1, 1, 1, 0, 1, 0, 0, 0, 0, 1, 76, 87, 88, 77, 87, 77, 81, 89, 88, 90, 10, 57, 59, 80, 78, 76, 81, 80, 91, 80, 78, 89, 91, 1, 92, 92, 83, 89, 88, 0, 1, 73, 86, 1, 93, 41, 0, 85, 0, 0, 0, 1, 94, 95, 1, 1, 1, 0, 1, 83, 1, 96, 75, 63, 1, 0, 1, 1, 71, 84, 90, 1, 1, 69, 1, 97, 1, 1, 1, 1, 1, 83, 1, 1, 0, 87, 0, 0, 1, 1, 1, 98, 1, 89, 99, 100, 77, 101, 100, 99, 102, 87, 103, 87, 104, 1, 83, 105, 0, 96, 1, 1, 1, 1, 1, 1, 1, 1, 1, 1, 1, 1, 1, 0, 0, 0, 0, 0, 0, 0, 1, 1, 1, 0, 0, 0, 0, 0, 75, 0, 0, 0, 0, 1, 1, 1, 105, 0, 0, 0, 0, 0, 0, 1, 85, 88, 1, 0, 1, 95, 0, 0, 1, 0, 0, 0, 1, 0, 0, 0, 0, 0, 86, 0, 0, 0, 0, 0, 0, 0, 0, 0, 0, 1, 0, 0, 0, 1, 1, 0, 1, 0, 1, 1, 0, 0, 1, 45, 47, 45, 73, 53, 1, 106, 1, 107, 108, 96, 86, 109, 85, 1, 1, 1, 110, 111, 90, 83, 1, 104, 82, 1, 103, 112, 106, 107, 107, 97, 96, 112, 113, 114, 98, 109, 1, 1, 1, 1]"
xerces,19,seed19_solution010,seed19_solution010,0.17570093457943925,0.28312894637597175,4.900544833382133,0.5973649500993456,0.17570093457943925,-0.28312894637597175,4.900544833382133,True,False,"[0, 1, 1, 1, 1, 2, 1, 3, 1, 2, 1, 0, 4, 1, 1, 1, 0, 0, 0, 0, 5, 1, 1, 6, 1, 7, 8, 0, 1, 1, 1, 2, 2, 0, 1, 9, 10, 1, 2, 1, 1, 1, 2, 2, 1, 2, 2, 1, 1, 11, 12, 1, 2, 1, 1, 1, 1, 1, 1, 1, 13, 14, 1, 1, 14, 1, 0, 0, 1, 1, 15, 15, 1, 1, 1, 1, 16, 17, 3, 18, 19, 20, 21, 22, 1, 23, 24, 24, 1, 24, 0, 0, 0, 0, 0, 0, 0, 0, 0, 0, 25, 0, 26, 0, 0, 0, 22, 27, 27, 28, 28, 0, 0, 20, 0, 1, 1, 1, 1, 29, 1, 1, 30, 1, 1, 1, 1, 1, 1, 1, 1, 0, 1, 1, 27, 1, 26, 31, 31, 28, 28, 28, 1, 1, 1, 32, 1, 0, 1, 1, 1, 1, 1, 1, 1, 33, 1, 34, 1, 0, 29, 1, 30, 1, 35, 1, 1, 1, 1, 0, 36, 1, 1, 31, 37, 38, 1, 1, 1, 1, 1, 30, 1, 39, 1, 1, 33, 1, 1, 39, 1, 35, 36, 1, 28, 40, 41, 41, 36, 42, 38, 43, 41, 1, 1, 0, 1, 32, 32, 44, 33, 33, 37, 40, 40, 45, 44, 40, 45, 0, 0, 0, 44, 44, 43, 36, 46, 0, 11, 1, 1, 42, 47, 47, 47, 47, 48, 40, 36, 49, 47, 50, 1, 48, 40, 1, 0, 0, 51, 49, 46, 36, 49, 44, 47, 47, 42, 48, 50, 0, 52, 53, 32, 1, 53, 54, 1, 55, 1, 1, 47, 48, 1, 1, 0, 1, 52, 47, 47, 0, 42, 0, 49, 0, 0, 0, 1, 0, 0, 1, 1, 50, 0, 1, 1, 1, 0, 1, 1, 1, 56, 1, 1, 1, 1, 2, 57, 58, 42, 59, 60, 1, 1, 1, 1, 61, 9, 48, 56, 62, 1, 1, 63, 1, 64, 1, 1, 65, 66, 1, 1, 51, 1, 1, 1, 67, 68, 1, 0, 1, 1, 0, 69, 1, 70, 1, 59, 1, 1, 71, 1, 0, 0, 72, 1, 0, 1, 1, 1, 1, 0, 1, 1, 0, 1, 1, 73, 1, 74, 1, 70, 1, 1, 0, 1, 1, 0, 1, 1, 62, 1, 1, 1, 1, 0, 0, 0, 1, 0, 1, 0, 0, 0, 0, 0, 1, 1, 75, 1, 1, 64, 1, 1, 1, 76, 77, 53, 53, 66, 78, 57, 1, 1, 79, 78, 1, 80, 1, 1, 1, 69, 1, 66, 1, 1, 81, 1, 82, 1, 1, 1, 1, 1, 0, 1, 1, 1, 1, 1, 1, 1, 0, 68, 0, 71, 1, 1, 1, 0, 1, 1, 0, 83, 0, 84, 0, 1, 1, 85, 0, 73, 69, 86, 86, 86, 86, 1, 55, 87, 75, 1, 1, 88, 1, 0, 0, 77, 0, 1, 1, 1, 1, 1, 0, 1, 1, 52, 47, 52, 52, 41, 52, 33, 33, 0, 1, 1, 1, 1, 1, 78, 0, 1, 0, 0, 0, 0, 0, 1, 1, 89, 1, 72, 90, 1, 1, 1, 79, 1, 1, 1, 91, 92, 1, 93, 1, 0, 0, 1, 0, 0, 1, 0, 1, 92, 1, 1, 1, 1, 1, 0, 0, 0, 1, 1, 1, 94, 1, 77, 1, 1, 0, 1, 0, 0, 0, 0, 1, 0, 0, 1, 0, 0, 0, 0, 0, 0, 0, 0, 0, 0, 0, 1, 1, 1, 94, 1, 1, 1, 0, 1, 0, 0, 0, 0, 1, 95, 89, 82, 96, 89, 75, 95, 83, 89, 83, 76, 56, 95, 95, 84, 95, 95, 83, 72, 82, 72, 83, 72, 1, 97, 98, 98, 82, 85, 0, 1, 74, 81, 1, 86, 52, 0, 99, 0, 0, 0, 1, 85, 100, 1, 1, 1, 0, 1, 80, 1, 76, 43, 101, 1, 0, 1, 1, 102, 103, 104, 1, 1, 105, 1, 106, 1, 1, 1, 1, 1, 62, 1, 1, 0, 83, 0, 0, 1, 1, 1, 88, 1, 107, 101, 82, 108, 56, 81, 108, 108, 101, 108, 107, 93, 1, 109, 110, 0, 111, 50, 1, 1, 1, 1, 1, 1, 1, 1, 1, 1, 1, 1, 0, 0, 0, 0, 0, 0, 0, 1, 1, 1, 0, 0, 0, 0, 0, 0, 0, 0, 0, 0, 1, 1, 1, 112, 0, 0, 0, 0, 0, 0, 1, 113, 91, 1, 0, 1, 114, 0, 0, 1, 0, 0, 0, 1, 0, 0, 0, 0, 0, 106, 0, 0, 0, 0, 0, 0, 0, 0, 0, 0, 1, 0, 0, 0, 1, 1, 0, 1, 0, 1, 1, 0, 0, 1, 52, 61, 30, 49, 90, 1, 91, 1, 115, 116, 117, 106, 118, 117, 1, 1, 1, 93, 94, 119, 111, 1, 95, 84, 1, 94, 111, 120, 120, 120, 95, 91, 97, 120, 120, 98, 118, 1, 1, 1, 1]"
xerces,19,seed19_solution011,seed19_solution011,0.18291876347951114,0.2545242341722185,4.821918183114908,0.6005277935353193,0.18291876347951114,-0.2545242341722185,4.821918183114908,True,False,"[0, 1, 1, 1, 1, 2, 1, 3, 1, 2, 1, 0, 4, 1, 1, 1, 0, 0, 0, 0, 5, 1, 1, 6, 1, 7, 8, 0, 1, 1, 1, 2, 2, 0, 1, 9, 10, 1, 2, 1, 1, 1, 2, 2, 1, 2, 2, 1, 1, 11, 12, 1, 2, 1, 1, 1, 1, 1, 1, 1, 13, 13, 1, 1, 14, 1, 0, 0, 1, 1, 15, 16, 1, 1, 1, 1, 17, 17, 3, 18, 18, 19, 20, 21, 1, 22, 23, 24, 1, 20, 0, 0, 0, 0, 0, 0, 0, 0, 0, 0, 25, 0, 19, 0, 0, 0, 21, 21, 25, 22, 22, 0, 0, 23, 0, 1, 1, 1, 1, 26, 22, 1, 27, 1, 1, 1, 1, 1, 1, 1, 1, 0, 1, 1, 28, 1, 29, 29, 26, 30, 30, 30, 1, 1, 1, 28, 1, 0, 1, 1, 1, 1, 1, 1, 1, 27, 1, 31, 1, 0, 32, 1, 33, 1, 34, 1, 1, 1, 1, 0, 35, 1, 1, 36, 37, 38, 1, 1, 1, 1, 1, 33, 1, 39, 1, 1, 40, 1, 1, 41, 1, 42, 43, 1, 30, 38, 43, 36, 43, 36, 44, 34, 30, 1, 1, 0, 1, 39, 39, 45, 40, 40, 37, 38, 38, 30, 45, 38, 37, 0, 0, 0, 46, 46, 34, 43, 47, 0, 11, 1, 1, 48, 40, 40, 49, 46, 42, 38, 43, 50, 46, 45, 1, 51, 38, 1, 0, 0, 52, 53, 52, 43, 42, 40, 30, 54, 48, 55, 49, 0, 49, 50, 39, 1, 51, 56, 1, 53, 1, 1, 54, 55, 1, 1, 0, 1, 49, 49, 46, 0, 48, 0, 57, 0, 0, 0, 1, 0, 0, 1, 1, 58, 0, 1, 1, 1, 0, 1, 1, 1, 59, 1, 1, 1, 1, 2, 60, 61, 48, 62, 63, 1, 1, 1, 1, 51, 1, 55, 64, 65, 1, 1, 66, 1, 41, 1, 1, 67, 68, 1, 1, 59, 1, 1, 1, 69, 70, 1, 0, 1, 1, 0, 70, 1, 71, 1, 71, 1, 1, 72, 1, 0, 0, 73, 1, 0, 1, 1, 1, 1, 0, 1, 1, 0, 1, 1, 61, 1, 73, 1, 74, 1, 1, 0, 1, 1, 0, 1, 1, 75, 1, 1, 1, 1, 0, 0, 0, 1, 0, 1, 0, 0, 0, 0, 0, 1, 1, 68, 1, 1, 76, 1, 1, 1, 62, 69, 62, 62, 73, 77, 60, 1, 1, 78, 67, 1, 79, 1, 1, 1, 70, 1, 78, 1, 1, 69, 1, 80, 1, 1, 1, 1, 1, 0, 1, 1, 1, 1, 1, 1, 1, 0, 81, 0, 82, 1, 1, 1, 0, 1, 1, 0, 83, 0, 84, 0, 1, 1, 85, 0, 84, 70, 78, 78, 72, 86, 1, 53, 65, 87, 1, 1, 88, 1, 0, 0, 89, 0, 1, 1, 1, 1, 1, 0, 1, 1, 49, 46, 49, 49, 47, 49, 40, 40, 0, 1, 1, 1, 1, 1, 90, 0, 1, 0, 0, 0, 0, 0, 1, 1, 80, 1, 83, 1, 1, 1, 1, 91, 1, 1, 1, 86, 65, 1, 92, 1, 0, 0, 1, 0, 0, 1, 0, 1, 59, 1, 1, 1, 1, 1, 0, 0, 0, 1, 1, 1, 93, 1, 89, 1, 1, 0, 1, 0, 0, 0, 0, 1, 0, 0, 1, 65, 0, 0, 0, 0, 0, 0, 0, 0, 0, 0, 1, 1, 1, 94, 1, 1, 1, 0, 1, 0, 0, 0, 0, 1, 71, 80, 95, 72, 80, 87, 83, 60, 80, 88, 88, 68, 59, 96, 83, 82, 97, 97, 83, 95, 83, 96, 83, 1, 98, 75, 80, 95, 96, 0, 1, 85, 94, 1, 86, 49, 0, 79, 0, 0, 0, 1, 99, 96, 1, 1, 1, 0, 1, 92, 1, 88, 79, 70, 1, 0, 1, 1, 77, 100, 90, 1, 1, 101, 1, 102, 1, 1, 1, 1, 1, 75, 1, 1, 0, 103, 0, 0, 1, 1, 1, 104, 1, 95, 105, 95, 94, 68, 94, 105, 83, 105, 70, 83, 103, 1, 65, 106, 0, 107, 58, 1, 1, 1, 1, 1, 1, 1, 1, 1, 1, 1, 1, 0, 0, 0, 0, 0, 0, 0, 1, 1, 1, 0, 0, 0, 0, 0, 0, 0, 0, 0, 0, 1, 1, 1, 85, 0, 0, 0, 0, 0, 0, 1, 108, 109, 1, 0, 1, 103, 0, 0, 1, 0, 0, 0, 1, 0, 0, 0, 0, 0, 102, 0, 0, 0, 0, 0, 0, 0, 0, 0, 0, 1, 0, 0, 0, 1, 1, 0, 1, 0, 1, 1, 0, 0, 1, 49, 33, 33, 85, 49, 1, 109, 1, 110, 87, 107, 86, 86, 100, 1, 1, 1, 111, 112, 90, 113, 1, 114, 98, 1, 112, 113, 100, 90, 100, 114, 109, 115, 109, 116, 100, 86, 1, 1, 1, 1]"
xerces,19,seed19_solution012,seed19_solution012,0.1870021567217829,0.12685267520553123,4.667800955625543,0.6076694650049583,0.1870021567217829,-0.12685267520553123,4.667800955625543,True,False,"[0, 1, 1, 1, 1, 2, 1, 3, 1, 2, 1, 0, 4, 1, 1, 1, 0, 0, 0, 0, 5, 1, 1, 6, 1, 7, 8, 0, 1, 1, 1, 2, 2, 0, 1, 9, 10, 1, 2, 1, 1, 1, 2, 2, 1, 2, 2, 1, 1, 11, 12, 1, 2, 1, 1, 1, 1, 1, 1, 1, 13, 14, 1, 1, 15, 1, 0, 0, 1, 1, 16, 16, 1, 1, 1, 1, 17, 18, 3, 19, 18, 20, 19, 21, 1, 22, 23, 24, 1, 19, 0, 0, 0, 0, 0, 0, 0, 0, 0, 0, 25, 0, 20, 0, 0, 0, 21, 25, 21, 22, 22, 0, 0, 26, 0, 1, 1, 1, 1, 27, 28, 1, 29, 1, 1, 1, 1, 1, 1, 1, 1, 0, 1, 1, 27, 1, 29, 30, 9, 30, 30, 26, 1, 1, 1, 28, 1, 0, 1, 1, 1, 1, 1, 1, 1, 26, 1, 9, 1, 0, 31, 1, 32, 1, 33, 1, 1, 1, 1, 0, 34, 1, 1, 35, 36, 28, 1, 1, 1, 1, 1, 32, 1, 34, 1, 1, 37, 1, 1, 38, 1, 33, 30, 1, 39, 37, 40, 35, 9, 35, 39, 33, 30, 1, 1, 0, 1, 39, 41, 33, 37, 34, 41, 38, 42, 30, 41, 38, 36, 0, 0, 0, 43, 43, 43, 9, 31, 0, 11, 1, 1, 44, 38, 37, 32, 43, 45, 44, 40, 46, 31, 41, 1, 47, 38, 1, 0, 0, 48, 49, 48, 40, 48, 38, 47, 47, 50, 49, 50, 0, 50, 51, 41, 1, 51, 52, 1, 49, 1, 1, 53, 54, 1, 1, 0, 1, 38, 38, 41, 0, 55, 0, 55, 0, 0, 0, 1, 0, 0, 1, 1, 49, 0, 1, 1, 1, 0, 1, 1, 1, 56, 1, 1, 1, 1, 2, 52, 42, 55, 57, 58, 1, 1, 1, 1, 51, 1, 52, 59, 51, 1, 1, 58, 1, 44, 1, 1, 60, 61, 1, 1, 59, 1, 1, 1, 54, 62, 1, 0, 1, 1, 0, 56, 1, 63, 1, 64, 1, 1, 47, 1, 0, 0, 65, 1, 0, 1, 1, 1, 1, 0, 1, 1, 0, 1, 1, 58, 1, 65, 1, 55, 1, 1, 0, 1, 1, 0, 1, 1, 66, 1, 1, 1, 1, 0, 0, 0, 1, 0, 1, 0, 0, 0, 0, 0, 1, 1, 67, 1, 1, 48, 1, 1, 1, 57, 68, 57, 69, 54, 70, 66, 1, 1, 68, 62, 1, 56, 1, 1, 1, 63, 1, 71, 1, 1, 68, 1, 72, 1, 1, 1, 1, 1, 0, 1, 1, 1, 1, 1, 1, 1, 0, 73, 0, 74, 1, 1, 1, 0, 1, 1, 0, 75, 0, 76, 0, 1, 1, 77, 0, 76, 58, 69, 71, 78, 79, 1, 49, 80, 81, 1, 1, 77, 1, 0, 0, 73, 0, 1, 1, 1, 1, 1, 0, 1, 1, 33, 31, 50, 38, 47, 50, 38, 47, 0, 1, 1, 1, 1, 1, 74, 0, 1, 0, 0, 0, 0, 0, 1, 1, 72, 1, 60, 1, 1, 1, 1, 82, 1, 1, 1, 83, 76, 1, 84, 1, 0, 0, 1, 0, 0, 1, 0, 1, 56, 1, 1, 1, 1, 1, 0, 0, 0, 1, 1, 1, 70, 1, 83, 1, 1, 0, 1, 0, 0, 0, 0, 1, 0, 0, 1, 58, 0, 0, 0, 0, 0, 0, 0, 0, 0, 0, 1, 1, 1, 81, 1, 1, 1, 0, 1, 0, 0, 0, 0, 1, 63, 80, 85, 78, 80, 81, 79, 86, 72, 87, 77, 86, 88, 89, 88, 74, 63, 90, 75, 85, 79, 89, 75, 1, 73, 91, 72, 69, 89, 0, 1, 92, 86, 1, 83, 35, 0, 71, 0, 0, 0, 1, 93, 85, 1, 1, 1, 0, 1, 86, 1, 87, 90, 94, 1, 0, 1, 1, 93, 95, 93, 1, 1, 96, 1, 97, 1, 1, 1, 1, 1, 91, 1, 1, 0, 81, 0, 0, 1, 1, 1, 73, 1, 93, 98, 85, 99, 70, 62, 100, 97, 72, 62, 75, 101, 1, 64, 59, 0, 87, 39, 1, 1, 1, 1, 1, 1, 1, 1, 1, 1, 1, 1, 0, 0, 0, 0, 0, 0, 0, 1, 1, 1, 0, 0, 0, 0, 0, 0, 0, 0, 0, 0, 1, 1, 1, 101, 0, 0, 0, 0, 0, 0, 1, 102, 103, 1, 0, 1, 101, 0, 0, 1, 0, 0, 0, 1, 0, 0, 0, 0, 0, 97, 0, 0, 0, 0, 0, 0, 0, 0, 0, 0, 1, 0, 0, 0, 1, 1, 0, 1, 0, 1, 1, 0, 0, 1, 50, 32, 32, 50, 51, 1, 103, 1, 104, 81, 102, 83, 84, 95, 1, 1, 1, 105, 106, 107, 108, 1, 90, 28, 1, 106, 108, 95, 86, 95, 100, 100, 102, 100, 109, 95, 100, 1, 1, 1, 1]"
xerces,19,seed19_solution013,seed19_solution013,0.1990510424155284,0.06941157176031762,4.602188274724226,0.6146425721222626,0.1990510424155284,-0.06941157176031762,4.602188274724226,True,False,"[0, 1, 1, 1, 1, 2, 1, 3, 1, 2, 1, 0, 4, 1, 1, 1, 0, 0, 0, 0, 5, 1, 1, 6, 1, 7, 8, 0, 1, 1, 1, 2, 2, 0, 1, 9, 10, 1, 2, 1, 1, 1, 2, 2, 1, 2, 2, 1, 1, 11, 12, 1, 2, 1, 1, 1, 1, 1, 1, 1, 13, 13, 1, 1, 14, 1, 0, 0, 1, 1, 15, 16, 1, 1, 1, 1, 16, 16, 17, 18, 19, 17, 18, 20, 1, 19, 21, 22, 1, 21, 0, 0, 0, 0, 0, 0, 0, 0, 0, 0, 23, 0, 24, 0, 0, 0, 20, 23, 20, 25, 26, 0, 0, 25, 0, 1, 1, 1, 1, 27, 19, 1, 21, 1, 1, 1, 1, 28, 1, 1, 1, 0, 1, 1, 28, 1, 24, 25, 29, 30, 31, 32, 1, 1, 1, 27, 1, 0, 1, 1, 1, 1, 1, 1, 1, 32, 1, 33, 1, 0, 34, 1, 35, 1, 36, 1, 1, 1, 1, 0, 35, 1, 1, 29, 37, 23, 1, 1, 1, 15, 1, 38, 1, 33, 1, 1, 39, 1, 1, 34, 1, 35, 36, 1, 24, 39, 39, 35, 40, 41, 40, 35, 41, 1, 1, 0, 1, 42, 43, 38, 27, 39, 37, 42, 32, 42, 39, 42, 36, 0, 0, 0, 42, 44, 28, 45, 41, 0, 0, 1, 1, 46, 39, 47, 40, 42, 42, 32, 40, 39, 42, 48, 1, 40, 49, 1, 0, 0, 45, 44, 49, 50, 48, 44, 24, 47, 51, 52, 53, 0, 39, 44, 44, 1, 54, 48, 1, 55, 1, 1, 56, 52, 1, 1, 0, 1, 42, 47, 42, 0, 57, 0, 55, 0, 0, 0, 1, 0, 0, 1, 1, 50, 0, 1, 1, 1, 0, 1, 1, 1, 42, 1, 1, 1, 1, 58, 59, 60, 57, 59, 48, 1, 1, 1, 1, 61, 1, 54, 62, 55, 1, 1, 56, 1, 60, 1, 1, 57, 58, 1, 1, 63, 1, 1, 1, 64, 18, 1, 0, 1, 1, 0, 65, 1, 40, 1, 66, 49, 1, 62, 1, 0, 0, 47, 1, 0, 1, 1, 1, 1, 0, 1, 1, 0, 1, 1, 54, 1, 59, 1, 67, 1, 1, 0, 1, 1, 0, 1, 1, 68, 1, 1, 1, 1, 0, 0, 0, 1, 0, 1, 0, 0, 0, 0, 0, 1, 1, 68, 1, 1, 69, 1, 1, 1, 56, 70, 71, 71, 66, 70, 56, 1, 1, 67, 72, 1, 73, 1, 1, 1, 60, 1, 66, 1, 1, 62, 1, 74, 1, 1, 1, 1, 1, 0, 1, 1, 1, 1, 1, 1, 1, 0, 69, 0, 60, 1, 1, 1, 0, 1, 1, 0, 75, 0, 62, 0, 1, 1, 76, 0, 70, 77, 78, 79, 59, 70, 1, 67, 77, 80, 1, 1, 73, 1, 0, 0, 74, 0, 1, 1, 1, 1, 1, 0, 1, 1, 40, 44, 42, 40, 41, 38, 39, 42, 0, 1, 1, 1, 1, 1, 75, 0, 1, 0, 0, 0, 0, 0, 1, 1, 81, 1, 76, 1, 1, 1, 1, 82, 1, 1, 1, 79, 83, 1, 76, 1, 0, 0, 1, 0, 0, 1, 0, 1, 84, 1, 1, 1, 1, 1, 0, 0, 0, 1, 1, 1, 77, 1, 74, 1, 1, 0, 1, 0, 0, 0, 0, 1, 53, 0, 1, 55, 0, 0, 0, 0, 0, 0, 0, 0, 0, 0, 1, 1, 1, 78, 1, 1, 1, 0, 1, 0, 0, 0, 0, 1, 85, 86, 79, 85, 86, 87, 76, 59, 75, 74, 73, 85, 88, 74, 89, 85, 89, 89, 71, 87, 87, 72, 56, 1, 83, 81, 85, 90, 74, 0, 1, 91, 83, 1, 78, 39, 0, 68, 0, 0, 0, 1, 67, 89, 1, 1, 1, 0, 1, 92, 1, 84, 93, 81, 63, 0, 1, 1, 92, 88, 94, 1, 1, 10, 1, 89, 1, 1, 1, 1, 1, 95, 1, 1, 0, 93, 0, 0, 1, 1, 1, 90, 1, 96, 88, 97, 98, 96, 78, 99, 76, 88, 69, 91, 70, 1, 99, 100, 0, 89, 50, 1, 1, 1, 1, 1, 1, 1, 1, 1, 1, 1, 1, 0, 0, 0, 0, 0, 0, 0, 1, 1, 1, 0, 0, 0, 0, 0, 0, 0, 0, 0, 0, 1, 1, 1, 71, 0, 0, 0, 0, 0, 0, 1, 101, 24, 1, 0, 1, 102, 0, 0, 1, 0, 0, 0, 1, 0, 0, 0, 0, 0, 103, 0, 0, 0, 0, 0, 0, 0, 0, 0, 0, 1, 0, 0, 0, 1, 1, 0, 1, 0, 1, 1, 0, 0, 1, 32, 52, 49, 53, 40, 1, 88, 1, 100, 104, 92, 94, 96, 67, 1, 1, 1, 84, 84, 105, 106, 1, 103, 107, 1, 108, 94, 100, 105, 105, 104, 94, 96, 104, 95, 105, 106, 1, 1, 1, 1]"
xerces,19,seed19_solution014,seed19_solution014,0.2091157440690151,8.06732219252045,1.3119967509131751,0.3826957299219844,0.2091157440690151,-8.06732219252045,1.3119967509131751,True,True,"[0, 0, 0, 0, 0, 0, 0, 0, 0, 0, 0, 0, 0, 0, 1, 2, 0, 0, 0, 3, 2, 0, 0, 0, 0, 0, 3, 0, 0, 0, 0, 0, 0, 0, 0, 0, 0, 0, 0, 0, 0, 0, 0, 0, 0, 0, 0, 0, 0, 0, 0, 0, 0, 0, 0, 0, 0, 0, 0, 0, 0, 0, 0, 0, 0, 4, 0, 0, 4, 0, 0, 0, 0, 0, 0, 0, 0, 0, 0, 0, 0, 0, 0, 0, 0, 0, 0, 0, 0, 0, 0, 0, 0, 0, 0, 0, 0, 0, 0, 0, 5, 0, 6, 0, 0, 0, 5, 5, 5, 1, 1, 7, 0, 8, 7, 7, 7, 7, 7, 1, 7, 7, 7, 7, 7, 7, 7, 7, 7, 7, 7, 3, 7, 7, 7, 7, 7, 7, 7, 7, 7, 7, 7, 7, 7, 7, 1, 1, 7, 7, 1, 7, 7, 1, 1, 1, 1, 1, 1, 7, 1, 1, 1, 1, 1, 3, 7, 1, 1, 7, 1, 1, 1, 1, 1, 9, 9, 9, 9, 9, 9, 1, 9, 1, 1, 1, 1, 10, 1, 10, 11, 12, 12, 10, 12, 12, 12, 12, 12, 12, 12, 12, 12, 4, 11, 10, 10, 11, 11, 11, 11, 11, 11, 11, 11, 11, 11, 11, 11, 10, 11, 11, 11, 11, 11, 11, 11, 11, 11, 10, 10, 11, 11, 11, 11, 11, 11, 11, 11, 11, 11, 11, 10, 11, 11, 10, 11, 11, 11, 11, 11, 11, 10, 11, 11, 11, 11, 11, 1, 10, 11, 11, 11, 11, 11, 11, 10, 10, 10, 10, 10, 10, 11, 10, 10, 10, 11, 11, 11, 7, 7, 7, 7, 7, 7, 1, 4, 4, 1, 4, 13, 13, 13, 13, 13, 13, 13, 13, 13, 14, 14, 14, 14, 14, 14, 14, 14, 14, 14, 14, 14, 14, 14, 14, 14, 14, 14, 14, 14, 14, 14, 14, 14, 14, 14, 14, 14, 14, 14, 14, 14, 14, 14, 4, 4, 3, 4, 10, 10, 10, 10, 10, 2, 2, 15, 10, 10, 10, 3, 3, 4, 4, 4, 4, 4, 4, 4, 4, 4, 4, 10, 10, 10, 10, 10, 10, 10, 10, 10, 10, 10, 10, 10, 4, 3, 10, 1, 10, 10, 10, 10, 10, 10, 4, 4, 13, 4, 4, 4, 4, 4, 13, 4, 4, 4, 9, 9, 10, 9, 9, 9, 9, 4, 9, 9, 9, 16, 16, 16, 16, 16, 1, 16, 16, 16, 16, 16, 16, 16, 1, 16, 10, 10, 10, 2, 10, 16, 10, 10, 10, 10, 10, 10, 10, 10, 10, 10, 10, 10, 10, 10, 3, 16, 3, 10, 10, 10, 10, 10, 10, 10, 4, 10, 4, 10, 10, 10, 10, 10, 3, 10, 10, 10, 10, 10, 10, 10, 10, 10, 16, 16, 16, 16, 1, 1, 3, 1, 1, 1, 1, 16, 16, 16, 1, 1, 1, 17, 17, 17, 17, 17, 17, 17, 17, 3, 2, 1, 0, 2, 2, 3, 3, 16, 3, 3, 3, 3, 3, 4, 1, 1, 1, 1, 1, 4, 4, 4, 4, 16, 16, 16, 16, 16, 16, 16, 16, 3, 3, 3, 3, 3, 16, 16, 0, 18, 16, 1, 16, 1, 1, 3, 3, 3, 3, 16, 16, 1, 1, 19, 1, 1, 1, 1, 3, 3, 16, 3, 3, 3, 3, 1, 1, 3, 3, 3, 3, 3, 3, 3, 3, 3, 2, 1, 1, 1, 1, 1, 1, 1, 3, 3, 16, 3, 3, 16, 1, 20, 20, 20, 20, 20, 20, 20, 20, 20, 20, 20, 20, 20, 20, 20, 20, 20, 20, 20, 20, 20, 20, 20, 1, 21, 21, 21, 21, 21, 3, 16, 22, 3, 10, 10, 17, 16, 2, 3, 16, 1, 16, 16, 3, 1, 16, 16, 7, 2, 2, 1, 2, 3, 2, 16, 3, 2, 2, 2, 2, 3, 16, 10, 10, 2, 2, 2, 7, 7, 7, 7, 7, 7, 7, 3, 22, 3, 3, 16, 3, 7, 23, 1, 24, 24, 24, 24, 24, 24, 24, 24, 24, 24, 24, 1, 1, 1, 1, 1, 1, 1, 1, 1, 1, 1, 1, 1, 1, 1, 16, 1, 7, 16, 3, 3, 3, 3, 3, 3, 3, 1, 1, 1, 1, 1, 1, 7, 1, 1, 1, 1, 3, 1, 3, 16, 16, 1, 2, 2, 2, 2, 1, 16, 1, 1, 1, 1, 2, 1, 1, 4, 4, 4, 3, 16, 4, 4, 10, 10, 10, 10, 10, 25, 10, 4, 10, 10, 4, 3, 3, 10, 10, 10, 10, 10, 10, 10, 10, 10, 10, 10, 10, 10, 4, 10, 11, 10, 11, 11, 11, 11, 1, 2, 2, 2, 2, 2, 2, 2, 2, 2, 2, 2, 2, 26, 27, 28, 28, 2, 29, 30, 2, 28, 28, 28, 28, 28, 28, 28, 28, 28, 2, 2, 2, 2, 2, 2, 2]"
xerces,19,seed19_solution015,seed19_solution015,0.20994967649173257,8.066719143988824,1.3073885308850743,0.38555827988775404,0.20994967649173257,-8.066719143988824,1.3073885308850743,True,False,"[0, 0, 0, 0, 0, 0, 0, 0, 0, 0, 0, 0, 0, 0, 1, 2, 0, 0, 0, 3, 2, 0, 0, 0, 0, 0, 3, 0, 0, 0, 0, 0, 0, 0, 0, 0, 0, 0, 0, 0, 0, 0, 0, 0, 0, 0, 0, 0, 0, 0, 0, 0, 0, 0, 0, 0, 0, 0, 0, 0, 0, 0, 0, 0, 0, 4, 0, 0, 4, 0, 0, 0, 0, 0, 0, 0, 0, 0, 0, 0, 0, 0, 0, 0, 0, 0, 0, 0, 0, 0, 0, 0, 0, 0, 0, 0, 0, 0, 0, 0, 5, 0, 6, 0, 0, 0, 5, 5, 5, 1, 1, 7, 0, 8, 7, 7, 7, 7, 7, 1, 7, 7, 7, 7, 7, 7, 7, 7, 7, 7, 7, 3, 7, 7, 7, 7, 7, 7, 7, 7, 7, 7, 7, 7, 7, 7, 1, 1, 7, 7, 1, 7, 7, 1, 1, 1, 1, 1, 1, 7, 1, 1, 1, 1, 1, 3, 7, 1, 1, 7, 1, 1, 1, 1, 1, 9, 9, 9, 9, 9, 9, 1, 9, 1, 1, 1, 1, 10, 1, 10, 11, 12, 12, 10, 12, 12, 12, 12, 12, 12, 12, 12, 12, 4, 11, 10, 10, 11, 11, 11, 11, 11, 11, 11, 11, 11, 11, 11, 11, 10, 11, 11, 11, 11, 11, 11, 11, 11, 11, 10, 10, 11, 11, 11, 11, 11, 11, 11, 11, 11, 11, 11, 10, 11, 11, 10, 11, 11, 11, 11, 11, 11, 10, 11, 11, 11, 11, 11, 1, 10, 11, 11, 11, 11, 11, 11, 10, 10, 10, 10, 10, 10, 11, 10, 10, 10, 11, 11, 11, 7, 7, 7, 7, 7, 7, 1, 4, 4, 1, 4, 13, 13, 13, 13, 13, 13, 13, 13, 13, 14, 14, 14, 14, 14, 14, 14, 14, 14, 14, 14, 14, 14, 14, 14, 14, 14, 14, 14, 14, 14, 14, 14, 14, 14, 14, 14, 14, 14, 14, 14, 14, 14, 14, 4, 4, 3, 4, 10, 10, 10, 10, 10, 2, 2, 15, 10, 10, 10, 3, 3, 4, 4, 4, 4, 4, 4, 4, 4, 4, 4, 10, 10, 10, 10, 10, 10, 10, 10, 10, 10, 10, 10, 10, 4, 3, 10, 1, 10, 10, 16, 10, 10, 10, 4, 4, 13, 4, 4, 4, 4, 4, 13, 4, 4, 4, 9, 9, 10, 9, 9, 9, 9, 4, 9, 9, 9, 17, 17, 17, 17, 17, 1, 17, 17, 17, 17, 17, 17, 17, 1, 17, 10, 10, 10, 2, 10, 17, 10, 10, 10, 10, 10, 10, 10, 10, 10, 10, 10, 10, 10, 10, 3, 17, 3, 10, 10, 10, 10, 10, 10, 10, 4, 10, 4, 10, 10, 10, 10, 10, 3, 10, 10, 10, 10, 10, 10, 10, 10, 10, 17, 17, 17, 17, 1, 1, 3, 1, 1, 1, 1, 17, 17, 17, 1, 1, 1, 18, 18, 18, 18, 18, 18, 18, 18, 3, 2, 1, 0, 2, 2, 3, 3, 17, 3, 3, 3, 3, 3, 4, 1, 1, 1, 1, 1, 4, 4, 4, 4, 17, 17, 17, 17, 17, 17, 17, 17, 3, 3, 3, 3, 3, 17, 17, 0, 19, 17, 1, 17, 1, 1, 3, 3, 3, 3, 17, 17, 1, 1, 16, 1, 1, 1, 1, 3, 3, 17, 3, 3, 3, 3, 1, 1, 3, 3, 3, 3, 3, 3, 3, 3, 3, 2, 1, 1, 1, 1, 1, 1, 1, 3, 3, 17, 3, 3, 17, 1, 20, 20, 20, 20, 20, 20, 20, 20, 20, 20, 20, 20, 20, 20, 20, 20, 20, 20, 20, 20, 20, 20, 20, 1, 21, 21, 21, 21, 21, 3, 17, 22, 3, 10, 10, 18, 17, 2, 3, 17, 1, 17, 17, 3, 1, 17, 17, 7, 2, 2, 1, 2, 3, 2, 17, 3, 2, 2, 2, 2, 3, 17, 10, 10, 2, 2, 2, 7, 7, 7, 7, 7, 7, 7, 3, 22, 3, 3, 17, 3, 7, 23, 1, 24, 24, 24, 24, 24, 24, 24, 24, 24, 24, 24, 1, 1, 1, 1, 1, 1, 1, 1, 1, 1, 1, 1, 1, 1, 1, 17, 1, 7, 17, 3, 3, 3, 3, 3, 3, 3, 1, 1, 1, 1, 1, 1, 7, 1, 1, 1, 1, 17, 1, 3, 17, 17, 1, 2, 2, 2, 2, 1, 17, 1, 1, 1, 1, 2, 1, 1, 4, 4, 4, 3, 17, 4, 4, 10, 10, 10, 10, 10, 25, 10, 4, 10, 10, 4, 3, 3, 10, 10, 10, 10, 10, 10, 10, 10, 10, 10, 10, 10, 10, 4, 10, 11, 10, 11, 11, 11, 11, 1, 2, 2, 2, 2, 2, 2, 2, 2, 2, 2, 2, 2, 26, 27, 28, 28, 2, 29, 30, 2, 28, 28, 28, 28, 28, 28, 28, 28, 28, 2, 2, 2, 2, 2, 2, 2]"
xerces,19,seed19_solution016,seed19_solution016,0.22372393961179007,8.554533914293105,1.2194383149561607,0.40770081531187463,0.22372393961179007,-8.554533914293105,1.2194383149561607,True,False,"[0, 0, 0, 0, 0, 0, 0, 0, 0, 0, 0, 0, 0, 0, 1, 2, 0, 0, 0, 3, 2, 0, 0, 0, 0, 0, 3, 0, 0, 0, 0, 0, 0, 0, 0, 0, 0, 0, 0, 0, 0, 0, 0, 0, 0, 0, 0, 0, 0, 0, 0, 0, 0, 0, 0, 0, 0, 0, 0, 0, 0, 0, 0, 0, 0, 4, 0, 0, 4, 0, 0, 0, 0, 0, 0, 0, 0, 0, 0, 0, 0, 0, 0, 0, 0, 0, 0, 0, 0, 0, 0, 0, 0, 0, 0, 0, 0, 0, 0, 0, 5, 0, 6, 0, 0, 0, 4, 5, 5, 1, 1, 7, 0, 7, 7, 7, 7, 7, 7, 1, 7, 7, 7, 7, 7, 7, 7, 7, 7, 7, 7, 3, 7, 7, 7, 7, 7, 7, 7, 7, 7, 7, 7, 7, 7, 7, 1, 1, 7, 7, 1, 7, 7, 1, 1, 1, 1, 1, 1, 7, 1, 1, 1, 1, 1, 3, 7, 1, 1, 7, 1, 8, 1, 1, 1, 9, 9, 9, 9, 9, 9, 1, 9, 1, 1, 1, 1, 10, 1, 11, 12, 13, 13, 11, 13, 13, 13, 13, 13, 13, 13, 14, 13, 4, 12, 11, 11, 12, 12, 12, 12, 12, 12, 12, 12, 12, 12, 12, 13, 15, 12, 12, 12, 12, 12, 12, 12, 12, 12, 11, 11, 12, 12, 12, 12, 12, 12, 12, 12, 12, 12, 12, 11, 12, 12, 11, 12, 12, 12, 12, 12, 12, 11, 12, 12, 12, 12, 12, 1, 11, 12, 12, 12, 12, 12, 12, 11, 11, 11, 11, 11, 11, 12, 12, 11, 11, 12, 12, 12, 7, 7, 7, 7, 7, 7, 1, 4, 4, 1, 4, 16, 16, 16, 16, 16, 16, 16, 16, 16, 17, 17, 17, 17, 17, 17, 17, 17, 17, 17, 18, 17, 17, 17, 17, 17, 17, 17, 17, 17, 17, 17, 17, 17, 17, 17, 17, 17, 17, 17, 17, 17, 17, 17, 4, 4, 3, 4, 11, 11, 11, 11, 11, 2, 2, 18, 11, 11, 11, 3, 3, 4, 4, 4, 4, 4, 4, 4, 4, 4, 4, 11, 11, 11, 11, 11, 11, 11, 11, 11, 11, 19, 11, 11, 4, 3, 11, 1, 11, 7, 11, 11, 11, 11, 4, 4, 16, 4, 4, 4, 4, 4, 16, 4, 4, 4, 9, 9, 11, 9, 9, 9, 9, 4, 9, 9, 9, 8, 8, 8, 8, 8, 1, 8, 8, 8, 8, 8, 8, 8, 1, 8, 11, 11, 11, 2, 11, 8, 11, 11, 11, 11, 11, 11, 11, 11, 11, 11, 11, 11, 11, 11, 3, 8, 3, 11, 11, 11, 11, 11, 11, 11, 4, 11, 14, 11, 13, 11, 11, 11, 3, 11, 11, 11, 11, 11, 11, 11, 11, 11, 8, 8, 8, 8, 1, 1, 3, 1, 1, 1, 1, 8, 8, 8, 1, 1, 1, 15, 15, 15, 15, 15, 15, 15, 8, 3, 2, 1, 0, 2, 2, 3, 10, 8, 3, 3, 3, 3, 3, 4, 1, 1, 1, 1, 1, 4, 4, 4, 4, 8, 8, 8, 8, 8, 8, 8, 8, 3, 3, 3, 3, 3, 8, 8, 0, 19, 8, 1, 8, 1, 1, 2, 3, 3, 3, 8, 8, 1, 1, 20, 1, 1, 1, 1, 3, 3, 8, 3, 3, 3, 3, 1, 1, 3, 3, 3, 3, 3, 3, 3, 3, 2, 2, 1, 1, 1, 1, 1, 1, 1, 3, 3, 18, 3, 3, 8, 1, 21, 21, 21, 21, 21, 21, 21, 21, 21, 21, 21, 21, 21, 21, 21, 21, 21, 21, 21, 21, 21, 21, 21, 1, 14, 14, 14, 14, 21, 3, 8, 22, 3, 11, 11, 15, 8, 2, 3, 8, 1, 8, 18, 3, 1, 8, 8, 7, 2, 2, 1, 2, 3, 2, 8, 3, 2, 2, 2, 2, 3, 8, 11, 11, 2, 2, 2, 7, 7, 7, 7, 7, 7, 7, 3, 22, 3, 3, 8, 3, 7, 23, 1, 24, 24, 24, 24, 24, 24, 24, 25, 24, 24, 24, 1, 1, 1, 1, 1, 1, 1, 1, 1, 1, 1, 1, 1, 1, 1, 8, 1, 7, 8, 3, 3, 3, 3, 3, 3, 3, 1, 1, 1, 1, 1, 1, 7, 1, 1, 1, 1, 3, 1, 3, 8, 8, 1, 2, 2, 1, 2, 1, 8, 1, 1, 1, 1, 2, 1, 1, 4, 4, 4, 3, 8, 4, 4, 11, 11, 11, 11, 11, 25, 11, 4, 11, 11, 4, 3, 3, 11, 11, 11, 11, 11, 11, 11, 11, 11, 11, 11, 11, 11, 4, 11, 12, 11, 12, 12, 12, 12, 1, 2, 2, 2, 2, 2, 1, 2, 2, 2, 2, 2, 2, 26, 10, 27, 27, 2, 25, 28, 2, 27, 27, 10, 27, 27, 10, 27, 27, 27, 2, 2, 2, 2, 2, 2, 2]"
xerces,19,seed19_solution019,seed19_solution019,0.2676923076923077,0.8437839585595073,1.2098236187514746,0.4537890927638868,0.2676923076923077,-0.8437839585595073,1.2098236187514746,True,False,"[0, 0, 0, 0, 0, 0, 0, 0, 0, 0, 0, 0, 0, 0, 1, 2, 0, 0, 0, 3, 2, 0, 0, 0, 0, 0, 3, 0, 0, 0, 0, 0, 0, 0, 0, 0, 0, 0, 0, 0, 0, 0, 0, 0, 0, 0, 0, 0, 0, 0, 0, 0, 0, 0, 0, 0, 0, 0, 0, 0, 0, 0, 0, 0, 0, 4, 0, 0, 4, 0, 0, 0, 0, 0, 0, 0, 0, 0, 0, 0, 0, 0, 0, 0, 0, 0, 0, 0, 0, 0, 0, 0, 0, 0, 0, 0, 0, 0, 0, 0, 5, 0, 6, 0, 0, 0, 5, 5, 5, 1, 1, 7, 0, 8, 9, 7, 7, 7, 7, 1, 7, 7, 7, 7, 7, 7, 7, 7, 7, 7, 7, 3, 7, 7, 7, 7, 7, 7, 7, 7, 7, 7, 7, 8, 7, 7, 1, 1, 7, 7, 1, 7, 7, 1, 1, 1, 1, 1, 1, 7, 1, 1, 1, 1, 1, 3, 7, 1, 1, 7, 1, 1, 1, 1, 1, 9, 9, 9, 9, 9, 10, 1, 9, 1, 1, 7, 1, 11, 1, 11, 12, 13, 13, 11, 13, 13, 13, 13, 13, 12, 13, 13, 13, 4, 12, 11, 11, 12, 12, 12, 12, 12, 12, 14, 12, 12, 12, 12, 12, 11, 12, 12, 12, 12, 12, 12, 12, 12, 12, 11, 11, 12, 14, 12, 12, 12, 12, 12, 12, 12, 12, 12, 11, 12, 12, 11, 14, 12, 12, 12, 12, 12, 11, 12, 12, 12, 12, 12, 1, 11, 12, 12, 12, 12, 12, 12, 11, 11, 11, 11, 11, 11, 12, 11, 11, 11, 12, 12, 12, 7, 7, 7, 7, 7, 7, 1, 4, 4, 1, 4, 14, 14, 14, 14, 13, 13, 14, 14, 14, 15, 15, 15, 15, 15, 15, 15, 10, 15, 15, 15, 15, 15, 15, 15, 15, 15, 15, 15, 15, 15, 15, 15, 15, 15, 15, 15, 15, 15, 15, 15, 15, 15, 15, 4, 4, 3, 4, 11, 11, 11, 11, 11, 2, 2, 10, 14, 11, 11, 3, 3, 4, 4, 4, 4, 4, 4, 4, 4, 4, 4, 11, 11, 11, 11, 11, 11, 11, 14, 14, 14, 11, 11, 11, 4, 3, 11, 1, 11, 11, 11, 11, 11, 11, 4, 4, 14, 4, 4, 4, 4, 4, 14, 4, 4, 4, 9, 9, 11, 11, 9, 9, 9, 4, 9, 9, 9, 16, 17, 16, 16, 17, 1, 17, 16, 16, 16, 1, 17, 16, 1, 17, 11, 14, 11, 2, 11, 17, 11, 11, 11, 11, 14, 11, 11, 11, 11, 11, 11, 11, 11, 11, 3, 16, 3, 11, 11, 11, 11, 11, 11, 11, 4, 14, 4, 11, 11, 11, 11, 11, 3, 11, 11, 11, 11, 11, 11, 11, 11, 11, 16, 16, 16, 16, 1, 1, 3, 1, 1, 1, 1, 16, 16, 16, 1, 1, 1, 17, 18, 18, 17, 18, 18, 18, 17, 3, 2, 1, 0, 2, 2, 3, 3, 16, 3, 3, 3, 3, 3, 4, 1, 1, 1, 1, 1, 4, 4, 4, 4, 16, 16, 17, 17, 16, 17, 17, 17, 3, 3, 3, 3, 3, 17, 17, 0, 18, 16, 1, 17, 1, 1, 3, 3, 3, 3, 16, 16, 1, 1, 19, 1, 1, 1, 1, 3, 3, 16, 3, 3, 3, 3, 1, 1, 3, 3, 3, 3, 3, 3, 3, 3, 3, 2, 1, 1, 1, 1, 1, 1, 1, 3, 3, 16, 3, 3, 17, 1, 20, 20, 20, 20, 21, 20, 20, 21, 21, 21, 21, 20, 21, 22, 20, 21, 21, 20, 20, 20, 21, 22, 20, 1, 21, 21, 22, 21, 21, 3, 16, 22, 3, 11, 14, 17, 16, 2, 3, 16, 1, 16, 17, 3, 1, 16, 16, 7, 2, 2, 1, 2, 3, 2, 16, 3, 2, 2, 2, 2, 3, 17, 11, 11, 2, 2, 2, 7, 7, 7, 7, 7, 7, 7, 3, 23, 3, 3, 16, 3, 7, 24, 1, 25, 25, 24, 14, 25, 25, 24, 24, 25, 25, 25, 1, 1, 6, 1, 1, 1, 1, 1, 7, 1, 1, 1, 1, 1, 1, 16, 1, 7, 17, 3, 3, 3, 3, 3, 3, 3, 1, 7, 1, 1, 7, 1, 7, 1, 1, 1, 1, 3, 1, 3, 16, 16, 1, 2, 2, 2, 2, 1, 17, 1, 1, 1, 1, 2, 7, 1, 4, 4, 4, 3, 16, 4, 4, 11, 11, 11, 11, 11, 25, 11, 4, 11, 11, 4, 3, 3, 11, 11, 11, 11, 14, 11, 11, 11, 11, 11, 11, 11, 11, 4, 11, 12, 11, 12, 12, 12, 12, 1, 2, 2, 2, 2, 2, 2, 2, 2, 2, 2, 2, 2, 26, 27, 27, 16, 2, 28, 29, 2, 27, 27, 16, 16, 16, 27, 16, 27, 16, 2, 2, 2, 2, 2, 2, 2]"
xerces,19,seed19_solution020,seed19_solution020,0.27583033788641265,8.618829959802271,1.1880604121580578,0.4408495707731547,0.27583033788641265,-8.618829959802271,1.1880604121580578,True,False,"[0, 0, 0, 0, 0, 0, 0, 0, 0, 0, 0, 0, 0, 0, 1, 2, 0, 0, 0, 3, 2, 0, 0, 0, 0, 0, 3, 0, 0, 0, 0, 0, 0, 0, 0, 0, 0, 0, 0, 0, 0, 0, 0, 0, 0, 0, 0, 0, 0, 0, 0, 0, 0, 0, 0, 0, 0, 0, 0, 0, 0, 0, 0, 0, 0, 4, 0, 0, 4, 0, 0, 0, 0, 0, 0, 0, 0, 0, 0, 0, 0, 0, 0, 0, 0, 0, 0, 0, 0, 0, 0, 0, 0, 0, 0, 0, 0, 0, 0, 0, 5, 0, 6, 0, 0, 0, 5, 5, 5, 6, 1, 7, 0, 7, 7, 7, 7, 7, 7, 1, 7, 7, 8, 7, 7, 7, 8, 7, 7, 7, 8, 3, 7, 7, 7, 7, 7, 7, 7, 8, 7, 7, 7, 7, 7, 7, 1, 1, 7, 7, 1, 7, 7, 1, 1, 1, 1, 1, 1, 7, 1, 1, 1, 1, 1, 3, 7, 1, 1, 7, 1, 1, 1, 6, 1, 9, 9, 9, 9, 9, 9, 6, 9, 1, 1, 1, 1, 10, 1, 10, 11, 12, 12, 10, 12, 12, 12, 12, 12, 12, 12, 12, 12, 4, 11, 10, 10, 11, 11, 11, 11, 11, 11, 11, 11, 11, 11, 11, 12, 10, 11, 11, 11, 11, 11, 11, 11, 11, 11, 10, 10, 11, 11, 11, 11, 11, 11, 11, 11, 11, 11, 11, 10, 11, 11, 10, 11, 11, 11, 11, 11, 11, 10, 11, 11, 11, 11, 11, 1, 10, 11, 11, 11, 11, 11, 11, 10, 10, 10, 10, 10, 10, 11, 11, 10, 10, 11, 11, 11, 7, 7, 7, 7, 7, 7, 1, 4, 4, 1, 4, 13, 13, 13, 13, 13, 13, 13, 13, 13, 14, 14, 14, 14, 14, 14, 14, 14, 14, 14, 15, 14, 14, 15, 14, 14, 14, 14, 14, 14, 14, 14, 14, 14, 14, 14, 14, 14, 14, 14, 14, 14, 14, 14, 4, 4, 3, 4, 10, 10, 10, 10, 10, 2, 2, 15, 10, 10, 10, 3, 3, 4, 4, 4, 4, 4, 4, 4, 4, 4, 4, 10, 10, 10, 10, 10, 10, 10, 10, 10, 10, 10, 10, 10, 4, 3, 10, 1, 10, 10, 10, 10, 11, 10, 4, 4, 13, 4, 4, 4, 4, 4, 13, 4, 4, 4, 9, 9, 10, 9, 9, 9, 9, 4, 9, 9, 9, 16, 16, 16, 16, 16, 1, 16, 16, 16, 16, 16, 16, 16, 1, 16, 10, 10, 10, 2, 10, 16, 10, 10, 10, 10, 10, 10, 10, 10, 10, 10, 10, 10, 10, 10, 3, 16, 3, 10, 11, 10, 10, 10, 10, 10, 4, 10, 3, 10, 10, 10, 10, 10, 3, 10, 10, 10, 10, 10, 10, 10, 10, 10, 16, 16, 16, 16, 1, 1, 3, 1, 1, 6, 1, 16, 16, 16, 1, 1, 1, 17, 17, 17, 18, 17, 17, 17, 17, 3, 2, 1, 0, 2, 2, 2, 3, 16, 3, 2, 3, 3, 3, 4, 1, 1, 1, 1, 1, 4, 4, 4, 4, 16, 17, 16, 16, 16, 16, 16, 16, 3, 3, 3, 3, 3, 16, 16, 0, 18, 16, 6, 16, 1, 1, 2, 3, 3, 3, 16, 18, 1, 1, 19, 1, 1, 1, 1, 3, 3, 16, 3, 3, 3, 3, 1, 1, 3, 3, 3, 3, 3, 3, 3, 3, 2, 2, 1, 1, 1, 1, 5, 1, 1, 3, 3, 16, 3, 3, 16, 1, 20, 20, 20, 20, 20, 20, 20, 20, 20, 20, 20, 20, 20, 20, 20, 20, 20, 20, 20, 20, 20, 20, 20, 1, 21, 21, 21, 21, 21, 3, 16, 22, 3, 10, 10, 17, 16, 2, 3, 16, 1, 16, 16, 3, 1, 16, 16, 6, 2, 2, 1, 2, 3, 2, 16, 3, 2, 2, 2, 2, 3, 16, 10, 10, 2, 1, 2, 7, 7, 7, 7, 7, 7, 5, 3, 22, 3, 3, 16, 3, 7, 23, 1, 24, 24, 24, 24, 24, 24, 24, 24, 25, 24, 24, 1, 1, 6, 1, 1, 1, 1, 1, 1, 1, 1, 6, 1, 6, 1, 16, 1, 7, 16, 3, 2, 3, 3, 3, 2, 3, 1, 1, 1, 1, 1, 1, 7, 1, 1, 1, 1, 3, 1, 3, 16, 16, 1, 2, 2, 1, 2, 1, 16, 1, 1, 1, 1, 2, 1, 1, 4, 4, 4, 3, 18, 4, 4, 10, 10, 10, 10, 10, 25, 10, 4, 10, 10, 4, 3, 3, 10, 10, 10, 10, 10, 10, 10, 10, 10, 10, 10, 10, 10, 4, 10, 11, 10, 11, 11, 11, 11, 1, 2, 2, 2, 2, 2, 1, 2, 2, 1, 2, 2, 2, 26, 27, 28, 28, 2, 25, 27, 25, 28, 27, 27, 28, 28, 28, 26, 28, 28, 2, 2, 2, 2, 2, 2, 2]"
xerces,19,seed19_solution021,seed19_solution021,0.3053630481667865,8.397518832859916,1.1576471557424284,0.4800665954800021,0.3053630481667865,-8.397518832859916,1.1576471557424284,True,False,"[0, 0, 0, 0, 0, 0, 0, 0, 0, 0, 0, 0, 0, 0, 1, 2, 0, 0, 0, 3, 2, 0, 0, 0, 0, 0, 3, 0, 0, 0, 0, 0, 0, 0, 0, 0, 0, 0, 0, 0, 0, 0, 0, 0, 0, 0, 0, 0, 0, 0, 0, 0, 0, 0, 0, 0, 0, 0, 0, 0, 0, 0, 0, 0, 0, 4, 0, 0, 4, 0, 0, 0, 0, 0, 0, 0, 0, 0, 0, 0, 0, 0, 0, 0, 0, 0, 0, 0, 0, 0, 0, 0, 0, 0, 0, 0, 0, 0, 0, 0, 5, 0, 6, 0, 0, 0, 5, 5, 5, 1, 1, 7, 0, 8, 9, 7, 7, 7, 7, 6, 7, 7, 7, 7, 7, 8, 7, 7, 7, 7, 7, 3, 7, 7, 7, 7, 7, 7, 7, 7, 7, 7, 7, 8, 7, 7, 1, 1, 7, 7, 1, 7, 7, 1, 1, 7, 1, 1, 1, 7, 1, 7, 1, 1, 1, 3, 7, 1, 1, 7, 1, 1, 7, 1, 1, 10, 9, 9, 9, 9, 9, 1, 9, 1, 1, 7, 1, 10, 1, 10, 11, 12, 12, 10, 12, 12, 12, 12, 12, 11, 12, 12, 12, 4, 11, 10, 10, 11, 11, 11, 11, 11, 11, 13, 11, 11, 11, 11, 11, 10, 11, 11, 11, 11, 11, 11, 11, 11, 11, 13, 10, 11, 13, 11, 11, 11, 11, 11, 11, 11, 11, 11, 10, 11, 11, 13, 13, 11, 11, 11, 11, 11, 13, 11, 11, 11, 13, 11, 1, 10, 11, 11, 11, 11, 11, 11, 10, 10, 10, 10, 10, 10, 11, 10, 10, 10, 11, 11, 11, 7, 7, 7, 7, 7, 7, 1, 4, 4, 1, 4, 13, 13, 13, 12, 12, 12, 13, 14, 13, 14, 14, 14, 14, 14, 15, 14, 15, 14, 14, 14, 14, 14, 14, 15, 14, 14, 14, 15, 14, 14, 14, 14, 14, 14, 14, 14, 14, 14, 14, 14, 14, 14, 14, 4, 4, 3, 4, 10, 10, 10, 10, 10, 10, 2, 15, 13, 10, 10, 3, 3, 4, 4, 4, 4, 4, 4, 4, 4, 4, 4, 10, 10, 10, 10, 10, 10, 10, 13, 13, 13, 10, 10, 10, 4, 3, 13, 1, 10, 10, 10, 10, 10, 16, 4, 4, 14, 4, 4, 4, 4, 4, 13, 4, 4, 4, 9, 9, 10, 10, 9, 9, 9, 4, 9, 9, 9, 17, 17, 1, 1, 17, 1, 17, 17, 17, 17, 1, 17, 17, 1, 17, 10, 13, 10, 2, 10, 17, 10, 10, 10, 10, 13, 10, 10, 10, 10, 13, 10, 10, 10, 10, 3, 1, 3, 10, 10, 10, 10, 13, 10, 10, 4, 13, 4, 10, 13, 10, 10, 10, 3, 10, 10, 10, 10, 10, 10, 10, 10, 10, 17, 17, 17, 17, 1, 1, 3, 1, 1, 1, 1, 17, 17, 17, 1, 1, 7, 18, 18, 18, 18, 18, 18, 18, 18, 3, 2, 1, 0, 2, 2, 3, 3, 17, 3, 3, 3, 3, 3, 4, 1, 1, 1, 1, 1, 4, 4, 4, 4, 17, 17, 17, 17, 17, 17, 17, 17, 3, 3, 3, 3, 3, 17, 17, 0, 19, 17, 1, 17, 1, 1, 3, 3, 3, 3, 17, 17, 1, 1, 20, 1, 1, 1, 7, 3, 3, 17, 3, 3, 3, 3, 1, 1, 3, 3, 3, 3, 3, 3, 3, 3, 3, 2, 1, 1, 1, 1, 1, 1, 1, 3, 3, 17, 3, 3, 17, 7, 21, 22, 21, 21, 21, 21, 22, 21, 21, 21, 21, 22, 21, 22, 21, 21, 21, 22, 21, 21, 21, 22, 21, 1, 22, 21, 22, 22, 22, 3, 17, 23, 3, 10, 13, 18, 17, 2, 3, 1, 1, 17, 17, 3, 1, 17, 17, 7, 2, 2, 7, 2, 3, 2, 17, 3, 2, 2, 2, 2, 3, 17, 10, 10, 2, 2, 2, 7, 7, 7, 7, 7, 7, 7, 3, 23, 3, 3, 17, 3, 7, 24, 1, 25, 25, 25, 13, 25, 25, 25, 25, 25, 25, 25, 1, 1, 6, 1, 1, 1, 1, 1, 7, 1, 1, 1, 1, 1, 1, 17, 1, 7, 17, 3, 3, 3, 3, 3, 3, 3, 1, 7, 1, 1, 7, 1, 7, 1, 1, 1, 1, 3, 1, 3, 1, 17, 1, 2, 2, 2, 2, 1, 17, 1, 1, 1, 1, 2, 7, 1, 4, 4, 4, 3, 17, 4, 4, 10, 10, 10, 10, 10, 26, 10, 4, 10, 10, 4, 3, 3, 10, 10, 13, 10, 13, 10, 10, 10, 13, 10, 10, 10, 10, 4, 10, 11, 10, 11, 11, 11, 11, 1, 2, 2, 2, 2, 2, 2, 2, 2, 2, 2, 2, 2, 27, 28, 16, 16, 2, 22, 28, 2, 16, 16, 16, 16, 16, 16, 16, 16, 16, 2, 2, 2, 2, 2, 2, 2]"
xerces,19,seed19_solution022,seed19_solution022,0.30619698058950395,8.99432376330428,1.1261999826871485,0.4707244569246496,0.30619698058950395,-8.99432376330428,1.1261999826871485,True,False,"[0, 0, 0, 0, 0, 0, 0, 0, 0, 0, 0, 0, 0, 0, 1, 2, 0, 0, 0, 3, 2, 0, 0, 0, 0, 0, 3, 0, 0, 0, 0, 0, 0, 0, 0, 0, 0, 0, 0, 0, 0, 0, 0, 0, 0, 0, 0, 0, 0, 0, 0, 0, 0, 0, 0, 0, 0, 0, 0, 0, 0, 0, 0, 0, 0, 4, 0, 0, 4, 0, 0, 0, 0, 0, 0, 0, 0, 0, 0, 0, 0, 0, 0, 0, 0, 0, 0, 0, 0, 0, 0, 0, 0, 0, 0, 0, 0, 0, 0, 0, 5, 0, 5, 0, 0, 0, 5, 5, 5, 6, 1, 7, 0, 7, 7, 7, 7, 7, 7, 1, 7, 7, 8, 7, 7, 7, 7, 7, 8, 7, 8, 3, 7, 7, 7, 7, 7, 8, 7, 8, 7, 7, 7, 7, 7, 7, 1, 1, 7, 7, 1, 7, 7, 1, 1, 1, 1, 1, 6, 7, 1, 1, 1, 1, 1, 3, 7, 1, 1, 7, 1, 1, 1, 1, 1, 9, 9, 9, 9, 9, 9, 6, 9, 1, 1, 1, 1, 10, 1, 10, 11, 12, 12, 10, 12, 12, 12, 12, 12, 12, 13, 12, 12, 4, 11, 10, 10, 11, 11, 11, 11, 11, 11, 11, 11, 11, 11, 11, 12, 10, 11, 11, 11, 11, 11, 11, 11, 11, 11, 10, 10, 10, 11, 11, 11, 11, 11, 11, 11, 11, 11, 11, 10, 11, 11, 10, 11, 11, 11, 11, 11, 11, 10, 11, 11, 11, 11, 11, 1, 10, 11, 11, 11, 11, 11, 11, 10, 10, 10, 10, 10, 10, 11, 11, 10, 10, 13, 11, 11, 7, 7, 7, 7, 7, 8, 1, 4, 4, 1, 4, 13, 13, 14, 13, 13, 13, 14, 13, 13, 14, 14, 15, 14, 14, 14, 14, 14, 14, 14, 15, 14, 14, 15, 14, 14, 14, 14, 14, 14, 14, 14, 14, 15, 14, 14, 14, 14, 14, 14, 12, 14, 14, 14, 4, 4, 3, 4, 10, 10, 10, 10, 10, 2, 2, 15, 10, 10, 10, 3, 3, 4, 4, 4, 4, 4, 4, 4, 4, 4, 4, 10, 10, 10, 10, 10, 10, 10, 10, 10, 10, 10, 10, 10, 4, 3, 10, 1, 10, 10, 10, 10, 11, 10, 4, 4, 13, 4, 4, 4, 4, 4, 13, 4, 4, 4, 9, 9, 10, 9, 9, 9, 9, 4, 9, 9, 9, 16, 16, 16, 17, 16, 1, 16, 16, 16, 16, 16, 16, 16, 1, 16, 10, 10, 10, 2, 10, 17, 10, 10, 10, 10, 10, 10, 10, 10, 10, 10, 10, 10, 10, 10, 3, 16, 3, 10, 11, 10, 10, 10, 10, 10, 4, 10, 4, 10, 10, 10, 11, 10, 3, 10, 10, 10, 10, 10, 10, 10, 10, 10, 16, 16, 16, 16, 1, 1, 3, 1, 1, 6, 1, 16, 16, 16, 1, 1, 1, 17, 17, 18, 18, 17, 17, 17, 17, 3, 2, 1, 0, 2, 2, 2, 3, 18, 10, 2, 2, 3, 3, 4, 1, 1, 1, 5, 1, 4, 4, 4, 4, 16, 17, 16, 16, 16, 16, 16, 5, 3, 3, 3, 3, 3, 16, 16, 0, 18, 16, 6, 16, 1, 1, 3, 3, 3, 3, 16, 18, 1, 1, 16, 1, 1, 1, 1, 3, 3, 16, 3, 3, 3, 3, 1, 1, 3, 3, 3, 3, 3, 3, 3, 3, 2, 2, 1, 1, 1, 1, 13, 1, 1, 3, 3, 16, 3, 3, 16, 1, 19, 19, 19, 19, 19, 19, 19, 19, 19, 19, 19, 19, 19, 19, 19, 19, 19, 19, 19, 19, 19, 19, 19, 1, 20, 20, 20, 20, 20, 3, 16, 21, 3, 10, 10, 17, 16, 2, 3, 16, 1, 16, 16, 3, 1, 16, 16, 6, 2, 2, 1, 2, 3, 2, 16, 3, 2, 2, 2, 2, 2, 16, 10, 10, 1, 1, 2, 7, 7, 7, 7, 7, 7, 5, 3, 21, 3, 3, 16, 3, 7, 22, 1, 23, 23, 23, 23, 23, 23, 23, 23, 23, 23, 23, 1, 1, 6, 1, 1, 6, 1, 1, 1, 1, 6, 6, 1, 6, 1, 16, 1, 7, 16, 3, 2, 3, 3, 3, 3, 3, 1, 1, 1, 1, 1, 1, 7, 1, 1, 1, 1, 3, 6, 3, 16, 16, 1, 2, 2, 1, 2, 1, 18, 1, 1, 1, 1, 2, 1, 1, 4, 4, 4, 3, 18, 4, 4, 10, 10, 10, 10, 10, 24, 10, 4, 10, 10, 4, 3, 3, 10, 10, 4, 10, 10, 10, 10, 10, 10, 10, 10, 10, 10, 4, 10, 11, 10, 11, 11, 11, 11, 1, 2, 2, 2, 2, 2, 1, 2, 2, 1, 2, 2, 2, 25, 26, 27, 27, 2, 24, 26, 24, 27, 26, 26, 25, 25, 25, 25, 27, 27, 2, 2, 2, 2, 2, 2, 2]"
xerces,19,seed19_solution023,seed19_solution023,0.3130122214234364,1.2025673211816017,1.1108232832482847,0.49039473297564706,0.3130122214234364,-1.2025673211816017,1.1108232832482847,True,False,"[0, 0, 0, 0, 0, 0, 0, 0, 0, 0, 0, 0, 0, 0, 1, 2, 0, 0, 0, 3, 2, 0, 0, 0, 0, 0, 3, 0, 0, 0, 0, 0, 0, 0, 0, 0, 0, 0, 0, 0, 0, 0, 0, 0, 0, 0, 0, 0, 0, 0, 0, 0, 0, 0, 0, 0, 0, 0, 0, 0, 0, 0, 0, 0, 0, 4, 0, 0, 5, 0, 0, 0, 0, 0, 0, 0, 0, 0, 0, 0, 0, 0, 0, 0, 0, 0, 0, 0, 0, 0, 0, 0, 0, 0, 0, 0, 0, 0, 0, 0, 6, 0, 6, 0, 0, 0, 6, 6, 6, 7, 1, 8, 0, 8, 9, 8, 8, 8, 8, 1, 8, 8, 8, 8, 8, 10, 8, 8, 8, 8, 10, 3, 8, 8, 8, 8, 8, 8, 8, 10, 8, 8, 8, 8, 8, 8, 1, 1, 8, 8, 1, 8, 8, 1, 1, 1, 1, 1, 7, 8, 1, 1, 1, 1, 1, 3, 8, 1, 1, 8, 1, 1, 8, 1, 1, 9, 9, 9, 9, 9, 9, 1, 9, 1, 1, 8, 1, 11, 1, 11, 12, 13, 13, 11, 13, 13, 13, 13, 13, 12, 14, 13, 13, 4, 12, 11, 11, 12, 12, 12, 12, 12, 12, 12, 12, 12, 12, 12, 12, 11, 12, 12, 12, 12, 12, 12, 12, 12, 12, 11, 11, 12, 12, 12, 12, 12, 12, 12, 12, 12, 12, 12, 11, 12, 12, 14, 14, 12, 12, 12, 12, 12, 11, 12, 12, 12, 12, 12, 1, 11, 12, 12, 12, 12, 12, 12, 11, 11, 11, 11, 11, 11, 12, 11, 11, 11, 14, 12, 12, 8, 8, 8, 8, 8, 8, 1, 4, 4, 1, 4, 14, 14, 15, 14, 13, 14, 14, 14, 14, 15, 15, 15, 15, 15, 16, 15, 15, 15, 15, 15, 15, 15, 15, 15, 15, 15, 15, 15, 15, 15, 15, 15, 15, 15, 15, 15, 15, 15, 15, 13, 15, 15, 15, 4, 4, 3, 4, 11, 11, 11, 11, 11, 2, 2, 16, 14, 11, 11, 3, 3, 4, 4, 4, 4, 4, 4, 4, 4, 4, 4, 11, 11, 11, 11, 11, 11, 11, 11, 14, 14, 11, 11, 11, 4, 3, 11, 1, 11, 11, 11, 11, 12, 17, 4, 4, 15, 4, 4, 4, 4, 4, 14, 4, 4, 4, 9, 9, 11, 11, 9, 9, 9, 4, 9, 9, 9, 17, 18, 17, 18, 18, 1, 17, 17, 17, 18, 17, 17, 18, 1, 17, 11, 14, 11, 2, 11, 18, 11, 11, 11, 11, 11, 11, 11, 11, 11, 11, 11, 11, 11, 11, 3, 17, 3, 11, 11, 11, 11, 14, 11, 11, 4, 14, 4, 11, 14, 11, 11, 11, 3, 11, 11, 11, 11, 11, 11, 11, 11, 11, 18, 18, 18, 17, 1, 1, 3, 1, 1, 1, 1, 18, 18, 17, 1, 1, 1, 18, 18, 19, 19, 18, 18, 18, 18, 3, 2, 1, 0, 2, 2, 3, 3, 18, 11, 2, 3, 3, 3, 4, 1, 1, 1, 1, 1, 4, 4, 4, 4, 18, 18, 18, 17, 18, 17, 17, 6, 3, 3, 3, 3, 3, 18, 18, 0, 19, 18, 7, 17, 1, 1, 3, 3, 3, 3, 17, 18, 1, 1, 20, 1, 1, 1, 1, 3, 3, 18, 3, 3, 3, 3, 1, 1, 3, 3, 3, 3, 3, 3, 3, 3, 3, 2, 1, 1, 1, 1, 1, 1, 1, 3, 3, 18, 3, 3, 18, 8, 21, 21, 22, 22, 21, 22, 21, 21, 21, 21, 22, 21, 21, 21, 22, 21, 21, 23, 21, 22, 21, 21, 22, 1, 20, 22, 20, 23, 20, 3, 17, 22, 3, 11, 11, 19, 17, 2, 3, 1, 1, 17, 17, 3, 1, 18, 17, 8, 2, 2, 8, 2, 3, 2, 17, 3, 2, 2, 2, 2, 2, 17, 11, 11, 2, 1, 2, 8, 8, 8, 8, 8, 8, 8, 3, 24, 3, 3, 18, 3, 8, 25, 1, 24, 5, 24, 24, 24, 5, 5, 24, 24, 5, 24, 1, 1, 7, 1, 1, 1, 1, 1, 8, 1, 7, 7, 1, 1, 1, 18, 1, 8, 17, 3, 3, 3, 3, 3, 3, 3, 1, 1, 1, 1, 1, 1, 8, 1, 1, 1, 1, 3, 1, 3, 1, 18, 1, 2, 2, 2, 2, 1, 18, 1, 1, 1, 1, 2, 8, 1, 4, 4, 4, 3, 19, 4, 4, 11, 11, 11, 11, 11, 25, 11, 17, 11, 11, 4, 3, 3, 11, 11, 14, 11, 14, 11, 11, 11, 11, 11, 11, 11, 11, 4, 11, 12, 11, 12, 12, 12, 12, 1, 2, 2, 2, 2, 2, 2, 2, 2, 1, 2, 2, 2, 26, 27, 26, 26, 2, 23, 27, 2, 26, 27, 17, 5, 5, 17, 17, 26, 17, 2, 2, 2, 2, 2, 2, 2]"
xerces,19,seed19_solution024,seed19_solution024,0.3239683680805176,8.813897487964645,1.0699759084216542,0.5067171298519735,0.3239683680805176,-8.813897487964645,1.0699759084216542,True,False,"[0, 0, 0, 0, 0, 0, 0, 0, 0, 0, 0, 0, 0, 0, 1, 2, 0, 0, 0, 3, 2, 0, 0, 0, 0, 0, 3, 0, 0, 0, 0, 0, 0, 0, 0, 0, 0, 0, 0, 0, 0, 0, 0, 0, 0, 0, 0, 0, 0, 0, 0, 0, 0, 0, 0, 0, 0, 0, 0, 0, 0, 0, 0, 0, 0, 4, 0, 0, 4, 0, 0, 0, 0, 0, 0, 0, 0, 0, 0, 0, 0, 0, 0, 0, 0, 0, 0, 0, 0, 0, 0, 0, 0, 0, 0, 0, 0, 0, 0, 0, 5, 0, 6, 0, 0, 0, 5, 5, 5, 6, 1, 7, 0, 7, 8, 7, 7, 7, 7, 6, 7, 7, 7, 6, 7, 7, 7, 7, 9, 7, 7, 3, 7, 7, 7, 7, 7, 7, 7, 7, 7, 7, 7, 9, 7, 7, 1, 1, 7, 7, 1, 7, 7, 1, 1, 1, 1, 1, 6, 7, 1, 7, 1, 1, 1, 3, 7, 1, 1, 7, 1, 1, 1, 6, 1, 8, 8, 8, 8, 8, 8, 6, 8, 1, 1, 7, 1, 10, 1, 10, 11, 12, 12, 10, 12, 12, 12, 12, 12, 12, 12, 12, 12, 4, 11, 10, 10, 11, 11, 11, 11, 11, 11, 11, 11, 11, 11, 11, 11, 10, 11, 11, 11, 11, 11, 11, 11, 11, 11, 13, 10, 11, 11, 11, 11, 11, 11, 11, 11, 11, 11, 11, 10, 11, 11, 13, 13, 11, 11, 11, 11, 11, 13, 11, 11, 11, 13, 11, 1, 10, 11, 11, 11, 11, 11, 11, 10, 10, 10, 10, 10, 10, 11, 10, 10, 10, 11, 11, 11, 7, 7, 7, 7, 7, 7, 1, 4, 4, 1, 4, 13, 13, 13, 12, 13, 12, 13, 13, 13, 14, 14, 14, 15, 14, 15, 15, 15, 15, 14, 14, 14, 15, 16, 15, 15, 15, 15, 15, 14, 14, 14, 14, 14, 15, 14, 15, 14, 15, 15, 14, 14, 14, 14, 4, 4, 3, 4, 10, 10, 10, 10, 10, 2, 2, 15, 10, 10, 10, 3, 3, 4, 4, 4, 4, 4, 4, 4, 17, 4, 4, 10, 10, 10, 10, 10, 10, 10, 13, 13, 13, 10, 10, 10, 4, 3, 13, 1, 10, 10, 10, 10, 10, 10, 4, 4, 13, 4, 4, 4, 4, 4, 13, 4, 4, 4, 8, 8, 10, 8, 8, 8, 8, 4, 8, 8, 8, 17, 18, 1, 1, 17, 1, 17, 18, 17, 17, 1, 17, 17, 1, 17, 10, 13, 10, 2, 10, 17, 10, 10, 10, 10, 10, 10, 10, 10, 10, 10, 10, 10, 10, 10, 3, 1, 3, 10, 10, 10, 10, 10, 10, 10, 4, 13, 4, 10, 13, 10, 10, 10, 3, 10, 10, 10, 10, 10, 10, 10, 10, 10, 17, 17, 18, 17, 1, 6, 3, 1, 1, 6, 1, 18, 17, 17, 1, 1, 7, 18, 18, 19, 18, 19, 18, 19, 19, 3, 2, 1, 0, 2, 1, 3, 3, 18, 3, 2, 2, 3, 3, 4, 1, 1, 1, 1, 1, 4, 4, 4, 4, 17, 18, 17, 17, 17, 18, 17, 17, 3, 3, 3, 3, 3, 17, 17, 0, 19, 18, 6, 18, 1, 1, 2, 3, 3, 3, 17, 19, 1, 1, 17, 1, 1, 1, 1, 3, 3, 17, 3, 3, 3, 3, 1, 2, 3, 3, 3, 3, 3, 3, 3, 3, 2, 2, 1, 6, 1, 1, 1, 1, 1, 3, 3, 17, 2, 3, 18, 7, 20, 21, 21, 20, 21, 20, 21, 20, 20, 20, 20, 21, 21, 20, 20, 21, 21, 21, 20, 20, 21, 21, 20, 1, 20, 20, 14, 21, 14, 3, 17, 22, 3, 10, 13, 18, 17, 2, 3, 18, 1, 17, 18, 3, 1, 17, 18, 6, 2, 2, 7, 2, 3, 2, 17, 3, 2, 2, 2, 2, 2, 17, 10, 10, 1, 2, 2, 7, 7, 7, 7, 7, 7, 5, 3, 22, 3, 3, 17, 3, 7, 23, 1, 24, 23, 24, 13, 23, 23, 24, 24, 24, 24, 25, 1, 1, 6, 1, 1, 1, 1, 1, 7, 1, 1, 6, 1, 6, 1, 17, 1, 7, 17, 3, 3, 3, 3, 3, 3, 3, 1, 7, 1, 1, 7, 1, 7, 1, 1, 1, 1, 3, 6, 3, 17, 17, 1, 2, 2, 2, 2, 1, 17, 1, 1, 1, 1, 2, 1, 1, 4, 4, 4, 3, 17, 4, 4, 10, 10, 10, 10, 10, 24, 10, 4, 10, 10, 4, 3, 3, 10, 10, 10, 10, 10, 10, 10, 10, 10, 10, 10, 10, 10, 4, 10, 11, 10, 11, 11, 11, 11, 1, 2, 1, 2, 2, 2, 2, 2, 2, 2, 2, 25, 2, 26, 27, 27, 16, 2, 24, 27, 2, 16, 26, 27, 16, 25, 27, 25, 27, 27, 2, 2, 2, 2, 2, 2, 2]"
xerces,19,seed19_solution025,seed19_solution025,0.3267577282530554,9.453839025887225,1.0893114227752159,0.4984903548477243,0.3267577282530554,-9.453839025887225,1.0893114227752159,True,False,"[0, 0, 0, 0, 0, 0, 0, 0, 0, 0, 0, 0, 0, 0, 1, 2, 0, 0, 0, 3, 2, 0, 0, 0, 0, 0, 3, 0, 0, 0, 0, 0, 0, 0, 0, 0, 0, 0, 0, 0, 0, 0, 0, 0, 0, 0, 0, 0, 0, 0, 0, 0, 0, 0, 0, 0, 0, 0, 0, 0, 0, 0, 0, 0, 0, 4, 0, 0, 4, 0, 0, 0, 0, 0, 0, 0, 0, 0, 0, 0, 0, 0, 0, 0, 0, 0, 0, 0, 0, 0, 0, 0, 0, 0, 0, 0, 0, 0, 0, 0, 5, 0, 6, 0, 0, 0, 5, 5, 5, 6, 1, 7, 0, 7, 8, 7, 7, 7, 7, 1, 7, 7, 7, 6, 7, 9, 7, 7, 9, 7, 4, 3, 7, 7, 7, 7, 7, 7, 7, 7, 7, 7, 7, 7, 7, 7, 1, 1, 7, 7, 1, 7, 7, 1, 1, 1, 1, 1, 6, 7, 1, 7, 1, 1, 1, 3, 7, 1, 1, 7, 1, 1, 7, 1, 1, 8, 8, 8, 8, 8, 8, 1, 8, 1, 1, 7, 1, 10, 1, 10, 11, 12, 12, 10, 12, 12, 13, 12, 12, 12, 14, 12, 12, 4, 11, 10, 10, 11, 11, 11, 11, 11, 11, 11, 11, 11, 11, 11, 11, 10, 11, 11, 11, 11, 11, 11, 11, 11, 11, 10, 10, 11, 11, 11, 11, 11, 11, 11, 11, 11, 11, 11, 10, 11, 11, 14, 14, 11, 11, 11, 11, 11, 10, 11, 11, 11, 14, 11, 1, 10, 11, 11, 11, 11, 11, 11, 10, 10, 10, 10, 10, 10, 11, 10, 10, 10, 11, 11, 11, 7, 7, 7, 7, 7, 7, 1, 4, 4, 1, 4, 14, 14, 15, 14, 14, 14, 14, 14, 14, 15, 15, 15, 16, 15, 16, 16, 15, 15, 15, 15, 15, 15, 15, 16, 16, 16, 15, 15, 15, 15, 15, 15, 15, 15, 15, 16, 15, 15, 15, 12, 15, 15, 15, 4, 4, 3, 4, 10, 10, 10, 10, 10, 2, 2, 16, 14, 10, 10, 3, 3, 4, 4, 4, 4, 4, 4, 4, 17, 4, 4, 10, 10, 10, 10, 10, 10, 10, 14, 14, 14, 10, 10, 10, 4, 3, 10, 1, 10, 10, 10, 10, 11, 18, 4, 4, 15, 4, 4, 4, 4, 4, 14, 4, 4, 4, 8, 8, 10, 8, 8, 8, 8, 4, 8, 8, 8, 17, 17, 18, 17, 17, 1, 18, 18, 18, 17, 18, 17, 17, 1, 17, 10, 14, 10, 2, 10, 17, 10, 10, 10, 10, 10, 10, 10, 10, 10, 10, 10, 10, 10, 10, 3, 1, 3, 10, 10, 10, 10, 14, 10, 10, 4, 14, 4, 10, 14, 10, 10, 10, 3, 10, 10, 10, 10, 10, 10, 10, 10, 10, 17, 17, 19, 17, 1, 6, 3, 1, 1, 1, 1, 17, 17, 18, 1, 1, 1, 19, 19, 19, 19, 20, 17, 17, 20, 3, 2, 1, 0, 2, 2, 3, 3, 19, 10, 2, 2, 3, 3, 4, 1, 1, 1, 1, 1, 4, 4, 4, 4, 17, 19, 17, 18, 17, 18, 18, 17, 3, 3, 3, 3, 3, 17, 17, 0, 19, 19, 6, 18, 1, 1, 3, 3, 3, 3, 17, 20, 1, 1, 17, 1, 1, 1, 1, 3, 3, 17, 3, 3, 3, 3, 1, 2, 3, 3, 3, 3, 3, 3, 3, 3, 3, 2, 1, 6, 1, 1, 1, 1, 1, 3, 3, 17, 3, 3, 17, 7, 21, 22, 22, 22, 21, 22, 21, 21, 21, 21, 21, 22, 21, 21, 21, 22, 22, 22, 21, 22, 22, 22, 21, 1, 21, 22, 20, 22, 15, 3, 18, 23, 3, 10, 10, 19, 18, 2, 3, 1, 1, 18, 18, 3, 1, 17, 18, 7, 2, 2, 7, 2, 3, 2, 18, 3, 2, 2, 2, 2, 2, 17, 10, 10, 1, 1, 2, 7, 7, 7, 7, 7, 7, 7, 3, 23, 3, 3, 17, 3, 7, 24, 1, 24, 13, 13, 13, 13, 13, 24, 24, 13, 25, 13, 1, 1, 6, 1, 1, 1, 1, 1, 7, 1, 1, 6, 1, 6, 1, 17, 1, 7, 18, 3, 3, 3, 3, 3, 3, 3, 1, 1, 1, 1, 7, 1, 7, 1, 1, 1, 1, 3, 1, 3, 17, 17, 1, 2, 2, 2, 2, 1, 17, 1, 1, 1, 1, 2, 7, 1, 4, 4, 4, 3, 19, 4, 4, 10, 10, 10, 10, 10, 24, 10, 4, 10, 10, 4, 3, 3, 10, 10, 10, 10, 10, 10, 10, 10, 10, 10, 10, 10, 10, 4, 10, 11, 10, 11, 11, 11, 11, 1, 2, 1, 2, 2, 2, 2, 2, 2, 2, 2, 2, 2, 26, 27, 26, 18, 2, 24, 27, 2, 26, 27, 27, 25, 25, 18, 18, 26, 18, 2, 2, 2, 2, 2, 2, 2]"
xerces,19,seed19_solution027,seed19_solution027,0.35505391804457226,3.511521605529198,1.0596177396775621,0.5248572372120477,0.35505391804457226,-3.511521605529198,1.0596177396775621,True,False,"[0, 0, 0, 0, 0, 0, 0, 0, 0, 0, 0, 0, 0, 0, 1, 2, 0, 0, 0, 3, 2, 2, 0, 0, 0, 0, 3, 0, 0, 0, 0, 0, 0, 0, 0, 0, 0, 0, 0, 0, 0, 0, 0, 0, 0, 0, 0, 0, 0, 0, 0, 0, 0, 0, 0, 0, 0, 0, 0, 0, 0, 0, 0, 0, 0, 4, 0, 0, 4, 0, 0, 0, 0, 0, 0, 0, 0, 0, 0, 0, 0, 0, 0, 0, 0, 0, 0, 0, 0, 0, 0, 0, 0, 0, 0, 0, 0, 0, 0, 0, 5, 0, 6, 0, 0, 0, 5, 5, 5, 6, 1, 7, 0, 7, 8, 7, 7, 7, 7, 6, 7, 8, 7, 6, 7, 7, 8, 7, 7, 7, 7, 3, 7, 7, 7, 7, 7, 7, 7, 8, 7, 8, 7, 8, 7, 8, 1, 1, 7, 8, 1, 7, 7, 1, 1, 7, 1, 1, 1, 7, 1, 7, 1, 1, 1, 3, 7, 1, 1, 7, 1, 1, 7, 6, 1, 9, 9, 10, 9, 10, 9, 6, 9, 1, 1, 1, 7, 10, 1, 10, 11, 12, 12, 10, 12, 12, 12, 12, 11, 12, 12, 12, 12, 4, 11, 10, 10, 11, 11, 11, 11, 11, 11, 13, 11, 11, 11, 13, 12, 10, 11, 11, 11, 11, 11, 11, 11, 11, 11, 10, 10, 11, 13, 11, 11, 11, 11, 11, 11, 11, 11, 13, 10, 11, 11, 13, 11, 11, 11, 11, 11, 11, 13, 13, 11, 11, 11, 11, 1, 10, 11, 11, 11, 11, 11, 11, 10, 10, 10, 10, 10, 10, 11, 10, 10, 10, 11, 11, 11, 7, 7, 8, 8, 7, 8, 1, 4, 4, 1, 4, 14, 13, 13, 13, 13, 13, 12, 15, 13, 15, 15, 15, 15, 15, 15, 15, 16, 15, 15, 15, 15, 15, 15, 15, 15, 15, 15, 16, 15, 15, 15, 15, 15, 15, 15, 15, 15, 15, 15, 15, 15, 15, 15, 4, 4, 3, 4, 10, 10, 10, 10, 10, 2, 2, 17, 10, 10, 10, 3, 3, 4, 4, 4, 4, 4, 4, 4, 17, 4, 4, 10, 10, 10, 10, 10, 10, 10, 10, 13, 10, 10, 10, 10, 4, 3, 13, 1, 10, 10, 10, 10, 10, 10, 4, 4, 15, 4, 4, 4, 4, 4, 13, 3, 4, 4, 9, 9, 10, 9, 9, 9, 9, 4, 9, 9, 9, 18, 17, 1, 1, 17, 1, 17, 17, 17, 18, 1, 18, 1, 1, 17, 10, 13, 10, 2, 10, 17, 10, 10, 13, 10, 10, 10, 10, 10, 10, 10, 10, 10, 10, 10, 3, 1, 3, 10, 10, 10, 10, 13, 10, 10, 4, 13, 4, 10, 13, 10, 10, 10, 3, 10, 10, 10, 10, 10, 10, 10, 10, 10, 18, 18, 17, 17, 1, 1, 3, 1, 1, 6, 7, 17, 17, 18, 1, 5, 7, 18, 19, 19, 19, 18, 18, 19, 19, 2, 2, 1, 0, 20, 1, 3, 3, 17, 3, 3, 3, 3, 3, 4, 1, 1, 1, 1, 1, 4, 4, 4, 4, 17, 18, 1, 17, 17, 17, 18, 18, 3, 3, 3, 3, 3, 18, 18, 0, 19, 18, 1, 17, 1, 7, 2, 3, 3, 3, 17, 18, 1, 1, 21, 7, 1, 1, 7, 3, 3, 18, 3, 3, 3, 3, 2, 1, 3, 3, 3, 3, 3, 3, 3, 3, 3, 2, 1, 6, 1, 1, 1, 1, 1, 3, 3, 18, 3, 3, 17, 1, 14, 14, 21, 14, 21, 14, 14, 14, 21, 14, 14, 14, 21, 14, 21, 14, 14, 14, 21, 21, 14, 14, 14, 1, 14, 22, 22, 14, 22, 3, 18, 23, 3, 10, 10, 19, 17, 2, 3, 18, 1, 17, 17, 3, 1, 18, 17, 6, 2, 2, 1, 2, 3, 2, 18, 3, 2, 2, 2, 2, 2, 17, 10, 10, 2, 2, 2, 7, 7, 7, 7, 6, 7, 7, 3, 23, 3, 3, 18, 3, 7, 23, 1, 20, 20, 24, 13, 20, 20, 20, 24, 20, 25, 6, 1, 1, 6, 1, 7, 6, 1, 1, 7, 1, 6, 1, 1, 1, 7, 18, 1, 7, 17, 3, 2, 3, 3, 3, 2, 3, 1, 7, 1, 7, 1, 1, 7, 1, 1, 1, 1, 3, 1, 3, 18, 17, 1, 2, 2, 2, 2, 1, 18, 1, 1, 7, 7, 2, 7, 1, 4, 4, 4, 3, 18, 4, 4, 10, 13, 10, 13, 10, 24, 10, 4, 13, 10, 4, 3, 3, 10, 10, 10, 10, 10, 10, 10, 10, 10, 10, 10, 10, 10, 4, 10, 11, 10, 13, 11, 11, 11, 1, 2, 1, 2, 2, 2, 2, 2, 2, 7, 2, 2, 2, 17, 26, 27, 17, 2, 14, 26, 2, 27, 26, 27, 27, 17, 27, 25, 27, 27, 2, 2, 2, 2, 2, 2, 2]"
xerces,19,seed19_solution028,seed19_solution028,0.37828900071890725,3.5131961018170133,1.060295490500139,0.5274636315235697,0.37828900071890725,-3.5131961018170133,1.060295490500139,True,False,"[0, 0, 0, 0, 0, 0, 0, 0, 0, 0, 0, 0, 0, 0, 1, 2, 0, 0, 0, 3, 2, 0, 0, 0, 0, 0, 3, 0, 0, 0, 0, 0, 0, 0, 0, 0, 0, 0, 0, 0, 0, 0, 0, 0, 0, 0, 0, 0, 0, 0, 0, 0, 0, 0, 0, 0, 0, 0, 0, 4, 0, 0, 0, 0, 0, 5, 0, 0, 5, 0, 0, 0, 0, 0, 0, 0, 0, 0, 0, 0, 0, 0, 0, 0, 0, 0, 0, 0, 0, 0, 0, 0, 0, 0, 0, 0, 0, 0, 0, 0, 6, 0, 7, 0, 0, 0, 6, 6, 6, 7, 1, 8, 0, 8, 9, 8, 8, 8, 8, 7, 8, 9, 8, 7, 8, 8, 9, 8, 8, 8, 8, 3, 8, 8, 8, 8, 8, 8, 8, 9, 8, 9, 8, 9, 8, 9, 1, 1, 8, 9, 1, 8, 8, 1, 1, 8, 1, 1, 1, 8, 1, 8, 1, 1, 1, 3, 8, 1, 1, 8, 1, 1, 8, 7, 1, 10, 10, 11, 10, 11, 10, 7, 10, 1, 1, 1, 8, 11, 1, 11, 12, 13, 13, 11, 13, 13, 13, 13, 12, 13, 13, 13, 13, 5, 12, 11, 11, 12, 12, 12, 12, 12, 12, 14, 12, 12, 12, 14, 13, 11, 12, 12, 12, 12, 12, 12, 12, 12, 12, 11, 11, 12, 14, 12, 12, 12, 12, 12, 12, 12, 12, 14, 11, 12, 12, 14, 12, 12, 12, 12, 12, 12, 14, 14, 12, 12, 12, 12, 1, 11, 12, 12, 12, 12, 12, 12, 11, 11, 11, 11, 11, 11, 12, 11, 11, 11, 12, 12, 12, 8, 8, 9, 9, 8, 9, 1, 5, 5, 1, 5, 14, 14, 14, 14, 14, 14, 13, 15, 14, 15, 15, 15, 15, 15, 15, 15, 16, 15, 15, 15, 15, 15, 15, 15, 15, 15, 15, 16, 15, 15, 15, 15, 15, 15, 15, 15, 15, 15, 15, 15, 15, 15, 15, 5, 5, 3, 5, 11, 11, 11, 11, 11, 2, 2, 17, 11, 11, 11, 3, 3, 5, 5, 5, 5, 5, 5, 5, 17, 5, 5, 11, 11, 11, 11, 11, 11, 11, 11, 14, 11, 11, 11, 11, 5, 3, 14, 1, 11, 11, 11, 11, 11, 11, 5, 5, 15, 5, 5, 5, 5, 5, 14, 3, 5, 5, 10, 10, 11, 10, 10, 10, 10, 5, 10, 10, 10, 4, 17, 1, 1, 17, 1, 17, 17, 17, 4, 1, 4, 1, 1, 17, 11, 14, 11, 2, 11, 17, 11, 11, 14, 11, 11, 11, 11, 11, 11, 11, 11, 11, 11, 11, 3, 1, 3, 11, 11, 11, 11, 14, 11, 11, 5, 14, 5, 11, 14, 11, 11, 11, 3, 11, 11, 11, 11, 11, 11, 11, 11, 11, 4, 4, 17, 17, 1, 1, 3, 1, 1, 7, 8, 17, 17, 4, 1, 6, 8, 4, 18, 18, 18, 4, 4, 18, 18, 2, 2, 1, 0, 2, 1, 3, 3, 17, 3, 3, 3, 3, 3, 5, 1, 1, 1, 1, 1, 5, 5, 5, 5, 17, 4, 1, 17, 17, 17, 4, 4, 3, 3, 3, 3, 3, 4, 4, 0, 18, 4, 1, 17, 1, 8, 2, 3, 3, 3, 17, 4, 1, 1, 19, 8, 1, 1, 8, 3, 3, 4, 3, 3, 3, 3, 2, 1, 3, 3, 3, 3, 3, 3, 3, 3, 3, 2, 1, 7, 1, 1, 1, 1, 1, 3, 3, 4, 3, 3, 17, 1, 20, 20, 19, 20, 19, 20, 20, 20, 19, 20, 20, 20, 19, 20, 19, 20, 20, 20, 19, 19, 20, 20, 20, 1, 20, 21, 21, 20, 21, 3, 4, 22, 3, 11, 11, 18, 17, 2, 3, 4, 1, 17, 17, 3, 1, 4, 17, 7, 2, 2, 1, 2, 3, 2, 4, 3, 2, 2, 2, 2, 2, 17, 11, 11, 2, 2, 2, 8, 8, 8, 8, 7, 8, 8, 3, 22, 3, 3, 4, 3, 8, 22, 1, 23, 23, 24, 14, 23, 23, 23, 24, 23, 25, 25, 1, 1, 7, 1, 8, 7, 1, 1, 8, 1, 7, 1, 1, 1, 8, 4, 1, 8, 17, 3, 2, 3, 3, 3, 2, 3, 1, 8, 1, 8, 1, 1, 8, 1, 1, 1, 1, 3, 1, 3, 4, 17, 1, 2, 2, 2, 2, 1, 4, 1, 1, 8, 8, 2, 8, 1, 5, 5, 5, 3, 4, 5, 5, 11, 14, 11, 14, 11, 24, 11, 5, 14, 11, 5, 3, 3, 11, 11, 11, 11, 11, 11, 11, 11, 11, 11, 11, 11, 11, 5, 11, 12, 11, 14, 12, 12, 12, 1, 2, 1, 2, 2, 2, 2, 2, 2, 8, 2, 2, 2, 17, 26, 27, 17, 2, 20, 26, 2, 27, 26, 27, 27, 17, 27, 25, 27, 27, 2, 2, 2, 2, 2, 2, 2]"
xerces,19,seed19_solution029,seed19_solution029,0.39005032350826746,1.2612539212842648,1.0434626491238252,0.5804006655684512,0.39005032350826746,-1.2612539212842648,1.0434626491238252,True,False,"[0, 0, 0, 0, 0, 0, 0, 0, 0, 0, 0, 0, 0, 0, 1, 2, 0, 0, 0, 3, 2, 0, 0, 0, 0, 0, 3, 0, 0, 0, 0, 0, 0, 0, 0, 0, 0, 0, 0, 0, 0, 0, 0, 0, 0, 0, 0, 0, 4, 0, 0, 0, 0, 0, 0, 0, 0, 0, 0, 0, 0, 0, 0, 0, 0, 5, 0, 0, 5, 0, 0, 0, 0, 0, 0, 0, 0, 0, 0, 0, 0, 0, 0, 0, 0, 0, 0, 0, 0, 0, 0, 0, 0, 0, 0, 0, 0, 0, 0, 0, 6, 0, 7, 0, 0, 0, 6, 6, 6, 7, 1, 8, 0, 8, 9, 8, 8, 8, 8, 7, 8, 9, 9, 7, 9, 8, 8, 9, 4, 8, 9, 3, 8, 8, 8, 7, 9, 8, 8, 9, 8, 9, 8, 9, 8, 9, 1, 1, 8, 9, 1, 8, 7, 1, 1, 1, 1, 1, 1, 8, 1, 8, 1, 1, 1, 3, 8, 1, 1, 8, 1, 1, 1, 7, 1, 4, 4, 10, 4, 10, 4, 7, 10, 1, 1, 1, 1, 10, 1, 10, 11, 12, 12, 10, 12, 12, 12, 12, 11, 13, 12, 12, 14, 5, 11, 10, 10, 11, 11, 11, 11, 11, 11, 11, 11, 11, 11, 13, 11, 10, 11, 11, 11, 11, 11, 11, 13, 11, 12, 13, 11, 11, 13, 11, 11, 11, 13, 11, 11, 11, 11, 13, 10, 11, 11, 11, 13, 7, 11, 11, 11, 11, 10, 11, 11, 11, 13, 11, 1, 11, 11, 11, 11, 11, 11, 11, 11, 10, 10, 10, 10, 10, 11, 10, 10, 10, 11, 11, 11, 8, 8, 8, 9, 8, 8, 1, 5, 5, 1, 5, 14, 14, 13, 13, 2, 13, 13, 15, 13, 15, 15, 15, 15, 15, 15, 15, 15, 15, 14, 14, 15, 15, 16, 15, 15, 15, 15, 15, 14, 14, 14, 15, 15, 15, 14, 15, 15, 15, 15, 15, 14, 14, 15, 6, 5, 3, 5, 10, 10, 11, 10, 10, 2, 2, 17, 10, 10, 10, 3, 3, 5, 5, 5, 5, 5, 5, 5, 17, 5, 5, 11, 11, 10, 10, 10, 10, 10, 11, 13, 10, 10, 10, 10, 7, 3, 13, 1, 10, 10, 10, 10, 11, 10, 5, 5, 15, 5, 5, 5, 5, 5, 13, 5, 5, 5, 10, 9, 10, 4, 4, 4, 4, 5, 4, 4, 4, 17, 17, 1, 1, 17, 1, 17, 17, 18, 17, 1, 18, 18, 1, 17, 10, 13, 10, 2, 11, 17, 10, 10, 10, 10, 10, 10, 10, 10, 10, 10, 11, 10, 10, 10, 3, 1, 3, 10, 10, 10, 10, 10, 10, 10, 5, 13, 5, 10, 10, 10, 10, 10, 3, 10, 10, 10, 10, 10, 10, 11, 10, 10, 16, 18, 17, 17, 1, 1, 3, 1, 1, 7, 8, 17, 17, 18, 1, 6, 8, 18, 19, 19, 18, 18, 18, 17, 19, 2, 2, 1, 0, 20, 1, 3, 3, 17, 3, 2, 2, 3, 3, 5, 1, 1, 1, 1, 1, 5, 5, 5, 5, 17, 18, 1, 17, 17, 17, 18, 18, 3, 3, 3, 3, 3, 18, 17, 0, 18, 17, 7, 18, 1, 8, 2, 3, 3, 3, 17, 18, 1, 1, 17, 1, 1, 1, 8, 3, 3, 18, 3, 3, 3, 3, 1, 1, 3, 3, 3, 3, 3, 3, 3, 3, 3, 2, 7, 8, 1, 1, 1, 1, 1, 3, 3, 18, 2, 3, 3, 1, 14, 14, 21, 20, 21, 14, 20, 20, 21, 21, 20, 21, 21, 14, 21, 14, 21, 14, 21, 20, 14, 14, 14, 1, 14, 22, 22, 21, 22, 3, 17, 22, 3, 10, 10, 18, 17, 2, 3, 17, 1, 17, 17, 3, 1, 18, 17, 7, 2, 2, 1, 2, 3, 2, 18, 3, 2, 2, 2, 2, 2, 17, 10, 10, 2, 2, 2, 8, 8, 8, 8, 7, 8, 8, 3, 22, 3, 3, 19, 3, 9, 23, 1, 20, 7, 24, 13, 23, 24, 24, 7, 20, 22, 7, 1, 1, 7, 8, 8, 7, 1, 1, 8, 1, 1, 1, 1, 8, 1, 17, 1, 8, 17, 3, 2, 3, 3, 3, 2, 3, 1, 1, 1, 8, 1, 1, 9, 1, 1, 1, 1, 3, 7, 3, 18, 18, 1, 2, 2, 2, 2, 1, 17, 1, 1, 1, 8, 2, 8, 1, 7, 5, 5, 3, 18, 5, 5, 10, 10, 10, 10, 10, 24, 10, 5, 10, 10, 5, 3, 3, 10, 10, 10, 10, 10, 10, 10, 10, 10, 10, 10, 10, 10, 5, 10, 12, 11, 11, 11, 11, 11, 1, 2, 1, 2, 2, 2, 2, 2, 5, 8, 2, 2, 2, 25, 26, 27, 23, 2, 14, 26, 2, 23, 25, 27, 25, 23, 27, 26, 25, 27, 2, 2, 2, 2, 2, 2, 2]"
xerces,19,seed19_solution030,seed19_solution030,0.40232925952552123,1.5597515689314103,1.0337792216033794,0.5516838248889908,0.40232925952552123,-1.5597515689314103,1.0337792216033794,True,False,"[0, 0, 0, 0, 0, 0, 0, 0, 0, 0, 0, 0, 0, 0, 1, 2, 0, 0, 0, 3, 2, 0, 0, 0, 0, 0, 3, 0, 0, 0, 0, 0, 0, 0, 0, 0, 0, 0, 0, 0, 0, 0, 0, 0, 0, 0, 0, 0, 0, 0, 0, 0, 0, 0, 0, 0, 0, 0, 0, 0, 0, 0, 0, 0, 0, 4, 0, 0, 4, 0, 0, 0, 0, 0, 0, 0, 0, 0, 0, 0, 0, 0, 0, 0, 0, 0, 0, 0, 0, 0, 0, 0, 0, 0, 0, 0, 0, 0, 0, 0, 5, 0, 6, 0, 0, 0, 5, 5, 5, 1, 1, 7, 0, 7, 8, 7, 7, 7, 7, 1, 7, 7, 7, 7, 7, 7, 7, 7, 7, 7, 7, 3, 7, 7, 7, 7, 7, 7, 7, 7, 9, 7, 7, 9, 7, 7, 1, 1, 7, 7, 1, 7, 7, 1, 1, 7, 1, 1, 8, 7, 1, 1, 1, 1, 1, 3, 7, 1, 1, 7, 1, 1, 7, 1, 1, 9, 8, 10, 10, 10, 10, 1, 10, 1, 1, 1, 1, 10, 1, 9, 11, 12, 12, 10, 12, 12, 12, 12, 11, 5, 5, 5, 12, 4, 13, 9, 10, 11, 11, 11, 11, 11, 11, 13, 11, 11, 11, 11, 11, 9, 11, 11, 11, 11, 11, 11, 11, 12, 11, 13, 10, 12, 13, 11, 11, 11, 12, 11, 11, 11, 12, 11, 10, 11, 11, 11, 11, 12, 11, 12, 11, 11, 13, 11, 11, 11, 12, 11, 1, 10, 12, 12, 11, 11, 11, 11, 9, 9, 9, 9, 11, 11, 11, 11, 10, 9, 12, 11, 11, 7, 7, 7, 7, 7, 7, 1, 4, 4, 1, 4, 13, 13, 12, 12, 12, 13, 13, 14, 13, 14, 14, 14, 14, 14, 15, 14, 14, 14, 14, 14, 14, 14, 14, 14, 14, 14, 14, 15, 14, 14, 14, 14, 14, 14, 14, 14, 15, 14, 14, 14, 14, 14, 14, 4, 4, 3, 4, 9, 9, 9, 11, 10, 2, 2, 15, 9, 11, 10, 3, 3, 4, 4, 4, 4, 4, 4, 4, 4, 4, 4, 10, 10, 9, 9, 9, 9, 9, 9, 13, 9, 9, 11, 9, 4, 3, 13, 1, 9, 9, 11, 10, 9, 11, 4, 4, 14, 4, 4, 4, 4, 4, 13, 4, 4, 4, 10, 8, 9, 10, 8, 10, 10, 4, 10, 8, 10, 16, 17, 1, 1, 16, 1, 17, 17, 16, 16, 16, 17, 16, 1, 16, 11, 9, 11, 2, 9, 17, 10, 10, 11, 10, 9, 9, 9, 11, 9, 11, 9, 9, 9, 9, 3, 16, 3, 9, 11, 11, 9, 13, 10, 10, 4, 9, 3, 11, 13, 9, 10, 9, 3, 9, 1, 9, 9, 9, 9, 9, 9, 9, 17, 16, 16, 17, 1, 1, 3, 1, 1, 1, 1, 16, 16, 17, 1, 1, 7, 18, 18, 18, 18, 18, 16, 16, 16, 3, 2, 1, 0, 2, 2, 3, 3, 16, 3, 6, 3, 3, 3, 4, 1, 1, 1, 1, 1, 4, 4, 4, 4, 16, 16, 17, 16, 17, 17, 17, 17, 3, 3, 3, 3, 3, 17, 17, 0, 19, 16, 1, 16, 1, 1, 3, 3, 3, 3, 16, 16, 1, 1, 19, 1, 1, 1, 1, 3, 3, 16, 3, 3, 3, 3, 1, 1, 3, 3, 3, 3, 3, 3, 3, 3, 3, 2, 7, 8, 7, 1, 1, 1, 1, 3, 3, 16, 3, 3, 17, 7, 20, 20, 19, 20, 19, 20, 20, 19, 20, 20, 19, 21, 19, 20, 20, 19, 19, 20, 20, 20, 19, 19, 20, 1, 20, 20, 20, 21, 3, 3, 16, 21, 3, 9, 9, 18, 17, 2, 3, 1, 1, 16, 16, 3, 1, 16, 16, 7, 2, 2, 1, 2, 3, 2, 16, 3, 2, 2, 2, 2, 3, 17, 9, 11, 1, 2, 2, 7, 7, 7, 7, 8, 7, 7, 22, 21, 3, 3, 16, 3, 7, 7, 1, 23, 23, 24, 23, 24, 23, 24, 24, 23, 23, 24, 1, 1, 6, 8, 7, 1, 1, 1, 1, 1, 1, 1, 1, 1, 7, 17, 1, 7, 17, 3, 3, 3, 3, 3, 2, 3, 1, 1, 1, 1, 1, 1, 7, 1, 1, 1, 7, 3, 1, 3, 1, 16, 1, 2, 2, 2, 2, 1, 16, 1, 1, 1, 1, 2, 1, 1, 4, 4, 4, 3, 17, 4, 3, 11, 9, 10, 11, 10, 24, 9, 4, 9, 10, 4, 3, 3, 9, 9, 13, 9, 13, 11, 9, 10, 13, 10, 9, 10, 11, 4, 9, 11, 9, 11, 11, 11, 11, 1, 2, 2, 2, 2, 2, 2, 2, 2, 2, 2, 2, 2, 25, 25, 17, 26, 2, 21, 26, 2, 17, 17, 17, 27, 26, 17, 26, 17, 26, 2, 2, 2, 2, 2, 2, 2]"
xerces,19,seed19_solution031,seed19_solution031,0.41063982746225736,0.8332806041641342,0.9794136959183368,0.5926603172862008,0.41063982746225736,-0.8332806041641342,0.9794136959183368,True,False,"[0, 0, 0, 0, 0, 0, 0, 0, 0, 0, 0, 0, 0, 0, 1, 2, 0, 0, 0, 3, 2, 0, 0, 0, 0, 0, 3, 0, 0, 0, 0, 0, 0, 0, 0, 0, 0, 0, 0, 0, 0, 0, 0, 0, 0, 0, 0, 0, 0, 0, 0, 0, 0, 0, 0, 0, 0, 0, 0, 0, 0, 0, 0, 0, 0, 4, 0, 0, 4, 0, 0, 0, 0, 0, 0, 0, 0, 0, 0, 0, 0, 0, 0, 0, 0, 0, 0, 0, 0, 0, 0, 0, 0, 0, 0, 0, 0, 0, 0, 0, 4, 0, 5, 0, 0, 0, 6, 4, 4, 5, 1, 7, 0, 7, 8, 7, 7, 7, 7, 5, 7, 7, 7, 5, 7, 7, 7, 7, 9, 7, 7, 3, 7, 6, 7, 7, 7, 9, 7, 7, 7, 9, 7, 9, 7, 7, 1, 1, 5, 7, 1, 7, 7, 1, 1, 1, 1, 1, 5, 7, 1, 7, 1, 1, 1, 3, 7, 1, 1, 7, 1, 1, 7, 5, 1, 8, 8, 7, 8, 8, 8, 5, 8, 1, 1, 7, 1, 10, 1, 9, 11, 11, 12, 10, 12, 12, 12, 12, 12, 12, 12, 12, 13, 4, 11, 10, 8, 11, 11, 11, 11, 11, 12, 11, 11, 12, 11, 11, 11, 10, 12, 11, 11, 11, 11, 11, 12, 11, 11, 8, 10, 12, 11, 13, 11, 11, 12, 12, 12, 12, 11, 11, 10, 11, 11, 13, 13, 11, 11, 11, 11, 12, 13, 11, 12, 13, 13, 11, 1, 10, 11, 12, 14, 11, 11, 11, 10, 10, 10, 10, 10, 10, 11, 10, 10, 10, 11, 11, 11, 12, 7, 9, 7, 7, 7, 1, 5, 6, 1, 4, 13, 13, 13, 12, 13, 12, 14, 11, 13, 14, 15, 14, 16, 14, 15, 14, 15, 17, 15, 15, 11, 14, 16, 14, 14, 14, 16, 15, 15, 15, 14, 16, 16, 16, 15, 16, 15, 14, 16, 15, 14, 15, 15, 6, 6, 3, 3, 10, 10, 10, 10, 10, 2, 2, 14, 10, 10, 5, 3, 3, 6, 6, 6, 6, 6, 6, 6, 17, 6, 6, 10, 10, 10, 10, 10, 10, 10, 13, 13, 9, 9, 10, 10, 4, 3, 16, 1, 10, 10, 10, 10, 9, 10, 6, 4, 13, 4, 4, 6, 4, 4, 13, 6, 6, 4, 8, 8, 10, 8, 8, 8, 13, 6, 8, 7, 8, 17, 17, 1, 1, 17, 1, 17, 18, 17, 17, 13, 17, 17, 1, 17, 10, 13, 10, 2, 10, 17, 10, 10, 10, 10, 10, 10, 10, 10, 9, 10, 10, 10, 10, 10, 3, 1, 3, 10, 10, 10, 10, 10, 10, 4, 4, 13, 4, 10, 13, 10, 10, 8, 3, 10, 10, 10, 10, 10, 10, 10, 10, 10, 17, 17, 17, 17, 1, 5, 3, 1, 1, 5, 1, 18, 17, 17, 1, 1, 7, 19, 18, 18, 18, 18, 18, 19, 19, 3, 2, 1, 0, 2, 1, 3, 3, 18, 3, 2, 2, 3, 3, 4, 1, 1, 1, 1, 1, 4, 6, 6, 4, 17, 19, 17, 17, 17, 19, 19, 17, 3, 3, 3, 3, 3, 17, 17, 0, 20, 18, 5, 18, 1, 1, 2, 3, 3, 3, 17, 19, 1, 1, 17, 1, 1, 1, 1, 3, 3, 17, 3, 3, 3, 3, 1, 2, 3, 3, 3, 3, 3, 3, 3, 3, 2, 2, 1, 5, 1, 1, 1, 1, 1, 3, 3, 19, 3, 3, 18, 7, 20, 21, 21, 20, 21, 8, 21, 20, 20, 22, 14, 21, 21, 20, 20, 21, 20, 21, 20, 20, 21, 14, 20, 1, 14, 20, 21, 21, 15, 3, 19, 23, 3, 10, 13, 18, 17, 2, 3, 19, 1, 17, 19, 3, 1, 17, 5, 5, 2, 2, 7, 2, 3, 2, 17, 3, 2, 2, 2, 2, 2, 17, 10, 10, 1, 2, 2, 7, 7, 7, 7, 7, 7, 7, 3, 24, 3, 3, 19, 3, 7, 22, 1, 24, 22, 15, 13, 25, 22, 26, 24, 24, 24, 26, 1, 1, 5, 1, 7, 5, 1, 1, 7, 1, 5, 5, 1, 5, 1, 17, 1, 7, 17, 3, 2, 3, 3, 3, 3, 3, 1, 7, 1, 1, 7, 1, 7, 1, 1, 1, 1, 3, 5, 3, 17, 17, 1, 2, 2, 2, 2, 1, 17, 1, 1, 7, 1, 2, 7, 1, 4, 4, 6, 3, 19, 6, 6, 10, 10, 10, 10, 10, 24, 10, 6, 13, 10, 6, 3, 1, 10, 10, 10, 10, 10, 10, 10, 10, 10, 10, 10, 10, 10, 4, 10, 11, 10, 11, 11, 11, 12, 1, 2, 1, 2, 2, 2, 2, 2, 2, 2, 2, 26, 2, 25, 27, 18, 15, 2, 24, 27, 2, 16, 25, 18, 15, 26, 27, 17, 27, 27, 2, 2, 2, 2, 2, 2, 2]"
xerces,19,seed19_solution032,seed19_solution032,0.4235226455787203,2.3244602122824984,1.007278116409958,0.5888809954639543,0.4235226455787203,-2.3244602122824984,1.007278116409958,True,False,"[0, 0, 0, 0, 0, 0, 0, 0, 0, 0, 0, 0, 0, 0, 1, 2, 0, 0, 0, 3, 2, 2, 0, 0, 0, 0, 3, 0, 0, 0, 0, 0, 0, 0, 0, 0, 0, 0, 0, 0, 0, 0, 4, 0, 0, 0, 0, 0, 0, 0, 0, 0, 0, 0, 0, 0, 0, 0, 0, 0, 0, 0, 0, 0, 0, 4, 0, 0, 4, 0, 0, 0, 0, 0, 0, 0, 0, 0, 0, 0, 0, 0, 0, 0, 0, 0, 0, 0, 0, 0, 0, 0, 0, 0, 0, 0, 0, 0, 0, 0, 5, 0, 6, 0, 0, 0, 5, 6, 6, 6, 1, 7, 0, 7, 8, 7, 8, 7, 7, 6, 7, 8, 7, 6, 7, 7, 8, 7, 7, 7, 7, 3, 7, 7, 7, 7, 7, 7, 7, 7, 7, 7, 8, 9, 7, 8, 5, 1, 7, 8, 1, 7, 7, 1, 1, 7, 1, 1, 6, 7, 1, 7, 1, 9, 1, 3, 8, 1, 1, 7, 1, 1, 7, 6, 1, 10, 8, 10, 9, 8, 8, 7, 9, 1, 1, 7, 7, 10, 1, 10, 11, 12, 12, 10, 13, 12, 12, 12, 13, 12, 12, 12, 12, 4, 11, 10, 10, 11, 11, 11, 11, 11, 11, 13, 12, 11, 13, 12, 12, 10, 11, 13, 11, 11, 13, 11, 11, 11, 11, 10, 10, 10, 13, 11, 11, 11, 11, 11, 11, 11, 13, 11, 10, 11, 11, 13, 11, 11, 11, 11, 11, 11, 13, 13, 11, 11, 11, 11, 1, 10, 13, 11, 11, 11, 11, 12, 10, 10, 10, 10, 11, 10, 11, 11, 10, 10, 13, 11, 11, 7, 7, 8, 7, 8, 8, 1, 4, 4, 1, 4, 13, 13, 13, 12, 13, 14, 12, 13, 13, 14, 14, 15, 15, 14, 15, 15, 16, 15, 15, 15, 15, 15, 15, 15, 15, 15, 15, 16, 15, 15, 15, 4, 14, 15, 15, 15, 15, 15, 15, 14, 15, 15, 15, 4, 4, 3, 4, 10, 10, 10, 11, 10, 2, 2, 1, 10, 10, 11, 2, 3, 4, 4, 4, 4, 4, 4, 4, 4, 5, 4, 10, 10, 10, 10, 10, 10, 10, 10, 11, 10, 11, 10, 10, 4, 3, 13, 1, 11, 10, 10, 10, 10, 11, 4, 4, 13, 4, 4, 4, 4, 4, 13, 3, 5, 4, 9, 9, 10, 10, 9, 8, 8, 4, 9, 10, 9, 17, 16, 2, 18, 18, 1, 18, 18, 18, 17, 1, 18, 1, 1, 18, 10, 10, 11, 2, 10, 18, 10, 10, 13, 10, 10, 10, 12, 10, 10, 10, 10, 10, 10, 10, 3, 16, 3, 10, 11, 10, 10, 13, 10, 11, 6, 13, 4, 10, 13, 10, 10, 10, 3, 10, 10, 10, 10, 10, 11, 10, 10, 10, 17, 18, 18, 18, 1, 6, 3, 1, 1, 6, 1, 17, 18, 18, 1, 1, 1, 17, 17, 19, 19, 17, 17, 19, 19, 3, 2, 1, 0, 2, 1, 3, 3, 17, 3, 3, 3, 3, 3, 4, 1, 1, 1, 1, 1, 4, 4, 4, 4, 18, 17, 16, 18, 18, 17, 17, 18, 3, 3, 3, 3, 3, 18, 17, 0, 19, 17, 1, 18, 1, 1, 2, 3, 3, 3, 18, 19, 1, 1, 20, 7, 1, 1, 1, 3, 3, 16, 3, 3, 3, 3, 2, 1, 3, 5, 3, 3, 3, 3, 3, 3, 2, 2, 1, 6, 1, 1, 5, 1, 1, 3, 3, 17, 3, 3, 18, 1, 21, 19, 20, 14, 20, 21, 14, 14, 21, 14, 14, 14, 21, 21, 21, 20, 14, 20, 19, 20, 20, 20, 20, 1, 21, 20, 20, 14, 14, 3, 17, 22, 3, 10, 11, 19, 18, 2, 3, 17, 1, 18, 17, 3, 1, 16, 18, 6, 2, 2, 1, 2, 3, 2, 18, 3, 2, 2, 2, 2, 2, 18, 10, 10, 1, 4, 2, 7, 6, 7, 7, 5, 7, 6, 3, 22, 3, 3, 17, 3, 7, 22, 1, 23, 21, 23, 22, 21, 21, 21, 23, 23, 24, 24, 1, 1, 6, 1, 1, 1, 1, 1, 7, 1, 6, 6, 1, 1, 7, 17, 1, 7, 18, 3, 2, 3, 3, 3, 2, 3, 1, 7, 1, 1, 1, 1, 7, 1, 1, 1, 1, 3, 1, 3, 17, 18, 1, 2, 2, 1, 2, 1, 17, 1, 1, 7, 1, 2, 1, 1, 4, 4, 4, 3, 19, 4, 4, 10, 13, 10, 13, 10, 23, 11, 4, 13, 10, 4, 3, 3, 10, 11, 11, 10, 10, 10, 10, 10, 10, 10, 10, 10, 10, 4, 10, 11, 10, 13, 11, 11, 11, 1, 2, 1, 2, 2, 2, 1, 2, 2, 2, 2, 2, 2, 18, 25, 26, 18, 2, 27, 25, 2, 26, 25, 24, 26, 18, 26, 4, 26, 25, 2, 2, 2, 2, 2, 2, 2]"
xerces,19,seed19_solution035,seed19_solution035,0.46455787203450755,3.527616371500642,1.0212769449513455,0.6015903218542347,0.46455787203450755,-3.527616371500642,1.0212769449513455,True,False,"[0, 0, 0, 0, 0, 0, 0, 0, 0, 0, 0, 0, 0, 0, 1, 2, 0, 0, 0, 1, 2, 0, 0, 0, 0, 0, 3, 0, 0, 0, 0, 0, 0, 0, 0, 0, 0, 2, 0, 0, 0, 0, 0, 0, 0, 0, 0, 0, 0, 0, 0, 0, 0, 0, 0, 0, 0, 0, 0, 0, 0, 0, 0, 0, 0, 4, 0, 0, 5, 0, 0, 0, 0, 0, 0, 0, 0, 0, 0, 0, 0, 0, 0, 0, 0, 0, 0, 0, 0, 0, 0, 0, 0, 0, 0, 0, 0, 0, 0, 0, 5, 0, 5, 0, 0, 0, 5, 6, 7, 7, 1, 5, 0, 8, 6, 8, 6, 8, 9, 1, 6, 5, 10, 6, 6, 5, 6, 6, 7, 6, 7, 3, 6, 6, 6, 6, 5, 8, 8, 8, 8, 6, 6, 6, 6, 6, 1, 1, 6, 8, 1, 6, 2, 1, 1, 1, 1, 1, 1, 6, 1, 1, 1, 1, 1, 3, 6, 1, 1, 6, 1, 1, 1, 1, 1, 9, 9, 9, 9, 9, 9, 1, 9, 1, 1, 1, 1, 9, 1, 10, 11, 12, 12, 10, 12, 12, 12, 12, 5, 12, 12, 12, 12, 4, 13, 10, 10, 13, 11, 13, 11, 14, 11, 11, 13, 11, 11, 11, 11, 10, 11, 11, 13, 11, 11, 11, 11, 11, 14, 13, 10, 10, 11, 11, 13, 9, 11, 11, 11, 11, 11, 11, 10, 11, 13, 13, 11, 11, 11, 12, 11, 11, 10, 11, 11, 13, 11, 11, 1, 8, 11, 12, 11, 11, 11, 11, 10, 10, 10, 10, 10, 10, 11, 12, 10, 10, 13, 11, 11, 6, 8, 6, 6, 6, 6, 1, 4, 4, 1, 4, 13, 13, 12, 12, 13, 15, 15, 13, 13, 15, 15, 14, 15, 15, 16, 12, 15, 15, 16, 16, 15, 15, 14, 16, 15, 15, 15, 14, 17, 15, 15, 15, 14, 15, 15, 15, 16, 16, 15, 15, 16, 15, 15, 4, 4, 3, 4, 14, 10, 10, 10, 10, 2, 2, 14, 10, 10, 5, 3, 3, 4, 4, 7, 4, 4, 1, 4, 4, 4, 4, 9, 12, 10, 10, 10, 10, 10, 12, 10, 8, 10, 10, 14, 4, 3, 10, 1, 10, 10, 10, 10, 11, 10, 4, 4, 13, 4, 4, 7, 4, 4, 13, 4, 4, 4, 9, 9, 10, 9, 9, 6, 9, 4, 9, 9, 9, 17, 16, 1, 18, 16, 1, 14, 17, 16, 18, 16, 16, 16, 1, 16, 10, 10, 10, 2, 10, 18, 10, 10, 10, 10, 10, 10, 10, 10, 10, 13, 10, 4, 10, 10, 3, 1, 3, 10, 11, 10, 8, 10, 10, 4, 4, 10, 3, 10, 14, 10, 10, 10, 3, 10, 10, 10, 10, 10, 10, 14, 10, 13, 16, 18, 16, 16, 1, 1, 3, 1, 1, 6, 1, 16, 16, 14, 7, 1, 1, 17, 17, 18, 19, 18, 17, 18, 18, 3, 2, 1, 0, 2, 2, 3, 3, 18, 10, 2, 2, 3, 3, 4, 1, 1, 1, 5, 1, 4, 4, 4, 4, 17, 17, 16, 16, 16, 16, 16, 5, 3, 3, 3, 3, 3, 16, 16, 0, 18, 16, 7, 18, 1, 1, 3, 3, 3, 3, 16, 14, 1, 1, 16, 1, 1, 1, 1, 3, 3, 16, 1, 3, 3, 3, 2, 1, 3, 3, 3, 3, 3, 3, 3, 3, 3, 2, 1, 11, 1, 1, 13, 1, 1, 3, 3, 16, 3, 3, 16, 1, 19, 19, 19, 19, 19, 10, 18, 19, 19, 19, 19, 20, 19, 19, 19, 19, 19, 19, 19, 19, 19, 19, 19, 1, 21, 21, 21, 21, 13, 3, 14, 20, 3, 10, 10, 15, 16, 2, 3, 16, 1, 17, 16, 3, 1, 17, 16, 7, 2, 2, 11, 2, 3, 2, 16, 3, 2, 2, 2, 2, 3, 16, 10, 10, 2, 1, 2, 6, 6, 6, 6, 6, 6, 5, 3, 20, 3, 3, 16, 3, 6, 22, 1, 23, 22, 23, 24, 22, 23, 25, 25, 23, 23, 22, 1, 1, 7, 1, 1, 1, 1, 1, 1, 1, 7, 7, 1, 1, 1, 17, 1, 6, 16, 3, 3, 3, 3, 3, 3, 16, 1, 1, 1, 1, 1, 1, 6, 1, 1, 1, 1, 3, 7, 3, 1, 16, 1, 2, 2, 1, 2, 1, 18, 1, 1, 1, 1, 2, 1, 1, 4, 4, 4, 3, 18, 4, 4, 10, 14, 8, 10, 12, 24, 10, 4, 10, 10, 4, 3, 3, 10, 10, 4, 10, 14, 9, 10, 10, 10, 10, 10, 10, 10, 4, 10, 11, 8, 11, 11, 11, 11, 1, 2, 2, 2, 2, 2, 1, 2, 2, 1, 2, 2, 2, 25, 26, 17, 27, 2, 27, 23, 24, 27, 17, 26, 17, 25, 25, 25, 27, 27, 2, 2, 2, 2, 2, 2, 2]"
xerces,19,seed19_solution036,seed19_solution036,0.49302659956865563,1.3554266717731847,0.9209302771574527,0.6418015743922865,0.49302659956865563,-1.3554266717731847,0.9209302771574527,True,False,"[0, 0, 0, 0, 0, 0, 0, 0, 0, 0, 0, 0, 0, 0, 1, 2, 0, 0, 0, 3, 2, 0, 0, 0, 0, 0, 3, 0, 0, 0, 0, 0, 0, 0, 0, 0, 0, 2, 0, 0, 0, 0, 0, 0, 0, 0, 0, 0, 0, 0, 0, 0, 0, 0, 0, 0, 0, 0, 4, 0, 0, 0, 0, 0, 0, 5, 0, 0, 5, 0, 0, 0, 0, 0, 0, 0, 0, 0, 0, 0, 0, 0, 0, 0, 0, 0, 0, 0, 0, 0, 0, 0, 0, 0, 0, 0, 0, 0, 0, 0, 4, 0, 6, 0, 0, 0, 4, 4, 4, 6, 1, 7, 0, 7, 8, 7, 7, 7, 7, 6, 7, 7, 7, 6, 7, 6, 7, 7, 9, 7, 7, 3, 7, 4, 7, 7, 7, 9, 7, 7, 7, 9, 7, 9, 7, 8, 1, 1, 6, 7, 1, 7, 7, 1, 4, 7, 1, 1, 6, 7, 1, 7, 1, 1, 1, 3, 7, 1, 1, 7, 1, 1, 7, 6, 1, 8, 10, 7, 8, 8, 10, 6, 8, 1, 1, 7, 1, 10, 1, 9, 11, 11, 12, 9, 12, 13, 12, 11, 6, 12, 13, 9, 13, 5, 12, 10, 8, 11, 11, 13, 11, 11, 12, 13, 11, 12, 11, 13, 11, 10, 12, 12, 12, 12, 11, 11, 12, 12, 12, 8, 11, 12, 11, 13, 11, 10, 12, 12, 12, 12, 11, 13, 10, 11, 12, 13, 13, 12, 11, 11, 11, 12, 13, 13, 12, 13, 14, 11, 1, 9, 11, 12, 15, 11, 11, 12, 10, 10, 8, 10, 10, 10, 11, 10, 10, 16, 12, 12, 11, 12, 7, 9, 7, 13, 7, 1, 6, 5, 1, 5, 11, 13, 13, 12, 13, 12, 15, 11, 13, 15, 16, 15, 16, 15, 14, 16, 14, 17, 15, 15, 11, 16, 16, 16, 15, 14, 16, 14, 15, 7, 15, 16, 16, 16, 15, 16, 15, 16, 16, 15, 15, 15, 16, 5, 5, 3, 3, 16, 10, 10, 10, 10, 2, 2, 15, 10, 9, 6, 3, 3, 5, 5, 4, 5, 5, 1, 5, 17, 5, 5, 10, 10, 10, 10, 10, 10, 10, 13, 13, 9, 9, 10, 10, 5, 3, 16, 1, 10, 16, 10, 10, 9, 10, 5, 5, 16, 5, 5, 4, 5, 5, 13, 5, 5, 5, 8, 8, 10, 8, 10, 8, 13, 5, 8, 7, 8, 17, 17, 1, 1, 17, 1, 17, 17, 17, 17, 13, 14, 17, 1, 17, 10, 13, 10, 2, 10, 17, 10, 10, 10, 10, 10, 8, 10, 10, 9, 10, 10, 10, 10, 10, 3, 1, 18, 9, 10, 10, 9, 10, 10, 5, 5, 13, 5, 10, 13, 10, 10, 8, 3, 16, 10, 10, 10, 10, 10, 10, 10, 13, 17, 17, 17, 17, 1, 6, 3, 1, 1, 6, 7, 19, 17, 19, 1, 1, 7, 19, 19, 18, 19, 18, 19, 18, 20, 3, 21, 1, 0, 2, 1, 3, 3, 19, 3, 3, 2, 3, 3, 5, 1, 1, 1, 1, 1, 5, 5, 5, 5, 17, 19, 17, 17, 17, 19, 19, 17, 3, 3, 3, 3, 3, 17, 17, 0, 20, 19, 6, 19, 1, 1, 2, 3, 3, 3, 17, 16, 1, 1, 20, 1, 1, 1, 1, 3, 3, 16, 3, 3, 3, 3, 2, 1, 3, 3, 3, 3, 3, 3, 3, 3, 2, 2, 1, 6, 1, 1, 1, 1, 1, 3, 3, 19, 3, 3, 19, 7, 20, 21, 21, 15, 21, 8, 15, 20, 22, 23, 15, 15, 21, 20, 20, 22, 20, 21, 20, 20, 21, 15, 23, 1, 15, 23, 21, 21, 13, 3, 19, 24, 3, 10, 13, 15, 17, 2, 3, 19, 1, 17, 19, 3, 1, 17, 6, 6, 2, 2, 7, 2, 3, 2, 17, 3, 2, 2, 2, 2, 2, 17, 10, 10, 1, 2, 2, 7, 7, 7, 7, 7, 7, 7, 3, 24, 3, 3, 19, 3, 7, 25, 1, 24, 23, 14, 13, 26, 22, 25, 24, 26, 24, 27, 1, 1, 6, 1, 7, 6, 1, 1, 7, 1, 6, 1, 1, 6, 1, 19, 1, 7, 14, 3, 2, 3, 3, 3, 3, 3, 1, 7, 1, 1, 1, 1, 7, 1, 1, 1, 1, 3, 6, 3, 19, 17, 1, 2, 2, 2, 2, 8, 19, 1, 1, 7, 7, 2, 7, 1, 5, 5, 5, 3, 19, 5, 5, 9, 10, 10, 13, 10, 25, 10, 5, 13, 10, 5, 3, 1, 10, 10, 10, 10, 16, 10, 13, 10, 10, 10, 10, 10, 10, 5, 10, 11, 10, 11, 11, 11, 12, 1, 2, 2, 2, 2, 2, 2, 2, 2, 2, 2, 25, 2, 26, 27, 18, 14, 2, 18, 27, 2, 14, 26, 18, 14, 25, 27, 17, 27, 27, 2, 2, 2, 2, 2, 2, 2]"
xerces,19,seed19_solution038,seed19_solution038,0.5128971962616823,3.1552806378679095,0.9910373548288154,0.6306109281308184,0.5128971962616823,-3.1552806378679095,0.9910373548288154,True,False,"[0, 0, 0, 0, 0, 0, 0, 0, 0, 0, 0, 0, 0, 0, 1, 2, 0, 0, 0, 3, 2, 0, 0, 0, 0, 0, 3, 0, 0, 0, 0, 0, 0, 0, 0, 0, 0, 0, 0, 0, 0, 0, 0, 0, 0, 0, 0, 0, 0, 0, 0, 0, 0, 0, 0, 0, 0, 0, 4, 0, 0, 0, 0, 0, 0, 4, 0, 0, 4, 0, 0, 0, 0, 0, 0, 0, 0, 0, 0, 0, 0, 0, 0, 0, 0, 0, 0, 0, 0, 0, 0, 0, 0, 0, 0, 0, 0, 0, 0, 0, 4, 0, 5, 0, 0, 0, 4, 5, 5, 6, 1, 7, 0, 7, 8, 7, 7, 7, 7, 6, 7, 8, 7, 6, 7, 7, 8, 7, 7, 7, 7, 3, 6, 7, 6, 7, 7, 8, 7, 8, 7, 8, 7, 7, 2, 8, 4, 1, 7, 7, 1, 7, 7, 1, 1, 1, 1, 1, 4, 6, 1, 7, 1, 8, 1, 3, 7, 1, 1, 7, 1, 1, 7, 4, 1, 9, 8, 9, 9, 10, 9, 6, 9, 1, 1, 1, 7, 10, 1, 10, 11, 12, 12, 10, 12, 12, 11, 12, 11, 12, 11, 13, 13, 4, 10, 10, 10, 10, 10, 10, 10, 12, 11, 13, 11, 10, 11, 13, 12, 10, 11, 11, 12, 10, 12, 11, 12, 10, 11, 10, 10, 11, 13, 10, 11, 11, 12, 11, 11, 12, 11, 10, 9, 11, 10, 13, 12, 5, 11, 10, 11, 11, 9, 13, 11, 11, 11, 10, 1, 10, 11, 11, 10, 12, 10, 11, 10, 10, 9, 10, 10, 10, 11, 10, 10, 10, 11, 10, 11, 5, 6, 8, 8, 7, 7, 1, 4, 14, 1, 14, 13, 13, 13, 13, 13, 13, 12, 15, 12, 15, 15, 15, 15, 15, 15, 15, 16, 15, 13, 15, 15, 15, 15, 15, 15, 15, 15, 15, 15, 15, 15, 15, 13, 15, 15, 15, 15, 15, 15, 13, 15, 15, 15, 4, 14, 3, 14, 9, 9, 10, 10, 9, 2, 2, 1, 10, 10, 10, 2, 3, 14, 4, 4, 4, 14, 4, 14, 14, 4, 14, 10, 10, 10, 10, 10, 9, 10, 10, 13, 10, 10, 9, 10, 4, 3, 13, 1, 10, 9, 10, 9, 10, 10, 4, 4, 11, 4, 14, 4, 4, 14, 13, 3, 4, 14, 9, 8, 10, 9, 9, 9, 9, 4, 9, 9, 8, 14, 16, 1, 1, 17, 1, 17, 17, 18, 14, 1, 14, 1, 1, 17, 10, 9, 10, 2, 10, 17, 9, 9, 13, 10, 9, 10, 11, 9, 10, 10, 10, 10, 10, 10, 3, 1, 3, 10, 10, 9, 9, 9, 10, 10, 4, 13, 4, 10, 9, 10, 10, 10, 3, 10, 9, 10, 10, 10, 10, 10, 10, 10, 16, 14, 17, 17, 1, 6, 3, 1, 1, 6, 1, 17, 16, 17, 1, 5, 1, 17, 18, 18, 19, 14, 14, 18, 18, 2, 2, 1, 0, 2, 1, 3, 3, 17, 14, 3, 3, 3, 3, 4, 1, 1, 1, 1, 1, 14, 14, 4, 4, 17, 17, 1, 17, 17, 17, 14, 14, 3, 3, 3, 3, 3, 18, 14, 0, 18, 14, 6, 16, 1, 1, 2, 3, 3, 3, 16, 19, 1, 1, 19, 7, 1, 1, 1, 3, 3, 16, 3, 3, 3, 3, 2, 1, 3, 3, 3, 3, 3, 3, 3, 3, 3, 2, 1, 6, 1, 1, 4, 1, 1, 3, 3, 14, 3, 3, 3, 1, 20, 19, 19, 20, 19, 20, 20, 20, 19, 21, 20, 20, 20, 20, 20, 20, 20, 20, 19, 19, 21, 20, 20, 1, 20, 21, 21, 20, 21, 3, 14, 22, 3, 10, 10, 18, 17, 2, 3, 17, 1, 16, 17, 3, 1, 16, 17, 6, 2, 2, 1, 2, 3, 2, 18, 3, 2, 2, 2, 2, 2, 17, 9, 10, 2, 2, 2, 6, 7, 7, 7, 6, 6, 7, 3, 22, 3, 3, 19, 3, 7, 23, 1, 23, 23, 24, 23, 23, 24, 23, 24, 22, 25, 25, 1, 1, 6, 1, 1, 1, 1, 1, 7, 1, 1, 6, 1, 1, 1, 18, 1, 5, 17, 3, 2, 3, 3, 3, 2, 3, 1, 7, 1, 7, 1, 1, 7, 1, 1, 1, 1, 3, 1, 3, 18, 17, 1, 2, 2, 1, 2, 1, 17, 1, 1, 1, 7, 2, 7, 1, 5, 4, 14, 3, 19, 4, 3, 9, 13, 9, 13, 10, 24, 10, 14, 9, 10, 4, 3, 3, 10, 10, 10, 10, 9, 10, 10, 10, 10, 9, 10, 10, 9, 14, 10, 11, 10, 13, 11, 11, 11, 1, 2, 1, 2, 2, 2, 1, 2, 14, 7, 2, 2, 2, 26, 26, 27, 17, 2, 20, 26, 2, 23, 2, 27, 27, 23, 27, 25, 26, 27, 2, 2, 2, 2, 2, 2, 2]"
xerces,19,seed19_solution040,seed19_solution040,0.5490726096333572,8.439895780442958,1.0200999596028884,0.6274516666921615,0.5490726096333572,-8.439895780442958,1.0200999596028884,True,False,"[0, 0, 0, 0, 0, 0, 0, 0, 0, 0, 0, 0, 0, 0, 1, 2, 0, 0, 0, 3, 2, 0, 0, 0, 0, 0, 3, 0, 0, 0, 0, 0, 0, 0, 0, 0, 0, 0, 0, 0, 0, 0, 0, 0, 0, 0, 0, 0, 0, 0, 0, 0, 0, 0, 0, 0, 0, 0, 0, 4, 0, 0, 0, 0, 0, 4, 0, 0, 5, 0, 0, 0, 0, 0, 0, 0, 0, 0, 0, 0, 0, 0, 0, 0, 0, 0, 0, 0, 0, 0, 0, 0, 0, 0, 0, 0, 0, 0, 0, 0, 5, 0, 6, 0, 0, 0, 7, 5, 5, 6, 1, 6, 0, 6, 6, 8, 8, 8, 6, 1, 6, 6, 8, 6, 6, 8, 8, 6, 8, 8, 8, 3, 6, 6, 8, 8, 6, 6, 8, 9, 6, 9, 6, 9, 8, 9, 1, 1, 6, 6, 1, 8, 6, 1, 1, 8, 1, 1, 1, 8, 1, 8, 1, 1, 1, 3, 8, 1, 1, 6, 1, 1, 8, 6, 1, 10, 9, 11, 9, 11, 10, 6, 9, 1, 1, 1, 8, 11, 1, 10, 12, 12, 13, 10, 12, 12, 13, 12, 12, 12, 13, 13, 13, 4, 11, 10, 11, 11, 11, 12, 12, 12, 11, 14, 12, 12, 11, 11, 12, 11, 12, 12, 11, 11, 12, 12, 12, 11, 11, 10, 10, 11, 11, 11, 12, 11, 12, 11, 12, 12, 12, 11, 10, 11, 11, 14, 12, 12, 12, 12, 12, 11, 10, 14, 12, 12, 12, 11, 1, 11, 11, 12, 12, 12, 11, 12, 11, 11, 10, 11, 10, 10, 12, 11, 10, 11, 12, 11, 12, 8, 8, 9, 6, 6, 9, 1, 5, 5, 1, 4, 13, 13, 13, 14, 13, 13, 13, 15, 13, 14, 14, 15, 14, 14, 14, 15, 14, 14, 14, 15, 14, 15, 15, 15, 15, 15, 15, 14, 14, 15, 14, 15, 14, 14, 15, 14, 14, 15, 14, 14, 15, 15, 14, 4, 4, 3, 5, 11, 10, 11, 10, 10, 2, 2, 15, 11, 10, 10, 3, 3, 4, 5, 5, 4, 4, 4, 5, 4, 4, 5, 10, 11, 10, 11, 11, 11, 11, 10, 14, 11, 10, 11, 10, 4, 3, 14, 1, 10, 10, 10, 11, 11, 11, 4, 4, 15, 4, 5, 4, 5, 5, 13, 4, 5, 4, 9, 9, 10, 10, 10, 9, 9, 5, 10, 10, 10, 4, 16, 17, 17, 17, 1, 17, 17, 16, 17, 17, 4, 17, 1, 16, 11, 10, 10, 2, 11, 16, 10, 10, 14, 11, 11, 10, 10, 11, 11, 10, 11, 11, 11, 10, 3, 1, 3, 10, 11, 11, 11, 14, 10, 10, 4, 10, 3, 10, 14, 10, 11, 10, 3, 10, 10, 11, 10, 11, 11, 11, 10, 10, 4, 17, 17, 17, 1, 1, 3, 1, 1, 6, 1, 17, 16, 4, 1, 7, 1, 4, 18, 18, 18, 4, 4, 16, 18, 3, 2, 1, 0, 2, 1, 3, 3, 16, 3, 2, 3, 3, 3, 4, 1, 1, 1, 1, 1, 5, 5, 5, 5, 17, 4, 1, 17, 17, 17, 4, 17, 3, 3, 3, 3, 3, 4, 4, 0, 18, 17, 1, 17, 1, 8, 2, 3, 3, 3, 17, 18, 1, 1, 19, 8, 1, 1, 1, 3, 3, 4, 3, 3, 3, 3, 2, 1, 3, 3, 3, 3, 3, 3, 3, 3, 2, 2, 1, 6, 1, 1, 5, 1, 1, 3, 3, 4, 3, 3, 16, 1, 20, 20, 20, 20, 20, 20, 20, 20, 19, 20, 20, 20, 20, 20, 20, 20, 20, 20, 19, 20, 20, 20, 20, 1, 21, 21, 21, 20, 21, 3, 4, 22, 3, 11, 11, 16, 17, 2, 3, 17, 1, 16, 17, 3, 1, 17, 17, 6, 2, 2, 1, 2, 3, 2, 17, 3, 2, 2, 2, 2, 2, 16, 11, 11, 2, 2, 2, 6, 8, 8, 8, 6, 6, 8, 3, 22, 3, 3, 4, 3, 8, 23, 1, 24, 24, 24, 14, 24, 23, 23, 24, 23, 24, 24, 1, 1, 6, 1, 8, 6, 1, 1, 8, 1, 1, 1, 1, 1, 8, 4, 1, 8, 16, 3, 2, 3, 3, 3, 2, 3, 1, 1, 1, 1, 1, 1, 6, 1, 1, 1, 1, 3, 1, 3, 17, 17, 1, 2, 2, 1, 2, 1, 4, 1, 1, 1, 8, 2, 1, 1, 4, 5, 4, 3, 4, 4, 4, 10, 10, 11, 14, 11, 24, 11, 5, 14, 10, 4, 3, 3, 10, 11, 11, 10, 10, 10, 11, 10, 11, 10, 10, 11, 11, 4, 11, 11, 11, 14, 11, 11, 11, 1, 2, 1, 2, 2, 2, 2, 2, 2, 1, 2, 2, 2, 25, 26, 27, 27, 2, 28, 26, 2, 27, 25, 26, 27, 27, 26, 28, 27, 27, 2, 2, 2, 2, 2, 2, 2]"
xerces,19,seed19_solution041,seed19_solution041,0.572882818116463,0.6982848891359555,0.8912689629875677,0.674091779965521,0.572882818116463,-0.6982848891359555,0.8912689629875677,True,False,"[0, 0, 0, 0, 0, 0, 0, 0, 0, 0, 0, 0, 0, 0, 1, 2, 0, 0, 0, 3, 2, 0, 0, 0, 0, 0, 3, 0, 0, 0, 0, 0, 0, 0, 0, 0, 0, 0, 0, 0, 0, 0, 4, 0, 0, 0, 0, 0, 0, 0, 0, 0, 0, 0, 0, 0, 0, 0, 5, 0, 0, 0, 0, 0, 0, 4, 0, 0, 4, 0, 0, 0, 0, 0, 0, 0, 0, 0, 0, 0, 0, 0, 0, 0, 0, 0, 0, 0, 0, 0, 0, 3, 0, 0, 0, 0, 0, 0, 0, 0, 5, 0, 6, 0, 0, 0, 7, 7, 5, 6, 1, 7, 0, 7, 8, 7, 7, 0, 7, 1, 7, 6, 9, 8, 7, 6, 5, 8, 9, 8, 7, 3, 7, 5, 7, 8, 6, 7, 7, 7, 8, 7, 8, 9, 8, 7, 1, 1, 6, 7, 1, 7, 2, 1, 1, 1, 5, 1, 1, 7, 1, 1, 1, 1, 1, 3, 7, 1, 1, 7, 1, 1, 1, 6, 1, 8, 8, 7, 7, 8, 8, 1, 7, 1, 1, 1, 1, 10, 1, 8, 11, 11, 12, 10, 8, 13, 6, 13, 12, 12, 13, 8, 12, 4, 13, 10, 9, 13, 11, 11, 14, 11, 11, 11, 13, 11, 11, 11, 11, 15, 11, 11, 13, 11, 11, 11, 11, 11, 11, 9, 12, 11, 16, 11, 11, 10, 11, 13, 14, 11, 13, 11, 10, 12, 13, 9, 14, 11, 11, 12, 13, 11, 13, 13, 12, 13, 16, 13, 1, 10, 17, 12, 11, 10, 12, 11, 8, 10, 10, 8, 10, 9, 11, 12, 17, 10, 11, 11, 11, 7, 8, 7, 9, 7, 9, 1, 6, 4, 1, 4, 13, 12, 13, 12, 8, 12, 14, 13, 16, 14, 14, 14, 17, 14, 17, 17, 16, 17, 16, 14, 12, 17, 8, 16, 17, 17, 17, 14, 15, 14, 14, 14, 16, 17, 16, 8, 14, 16, 17, 14, 14, 14, 14, 4, 4, 3, 4, 10, 9, 13, 10, 10, 2, 2, 17, 10, 8, 10, 3, 3, 4, 4, 4, 4, 4, 4, 4, 15, 4, 4, 10, 10, 8, 10, 4, 4, 8, 12, 8, 8, 8, 10, 17, 4, 3, 17, 1, 10, 10, 8, 9, 10, 10, 4, 4, 12, 7, 4, 4, 4, 4, 13, 4, 4, 4, 8, 8, 8, 5, 8, 8, 8, 4, 8, 8, 8, 15, 18, 17, 1, 15, 1, 17, 18, 15, 15, 1, 15, 15, 1, 18, 17, 13, 9, 2, 10, 15, 10, 9, 12, 10, 9, 9, 10, 10, 8, 8, 10, 4, 10, 17, 3, 1, 3, 8, 10, 10, 8, 8, 9, 10, 5, 13, 4, 17, 17, 10, 8, 10, 3, 10, 9, 10, 10, 10, 10, 10, 10, 13, 19, 18, 18, 17, 1, 10, 3, 1, 1, 6, 1, 16, 15, 15, 1, 1, 7, 18, 18, 19, 18, 18, 14, 18, 19, 3, 2, 1, 0, 2, 1, 3, 3, 18, 3, 2, 2, 3, 3, 4, 1, 1, 1, 3, 1, 4, 4, 6, 4, 15, 18, 17, 15, 18, 17, 18, 15, 3, 3, 3, 3, 3, 17, 18, 0, 20, 17, 6, 18, 2, 1, 2, 3, 3, 3, 15, 19, 1, 1, 15, 1, 1, 1, 1, 3, 3, 15, 3, 3, 3, 3, 1, 1, 2, 3, 3, 3, 3, 3, 3, 3, 2, 2, 1, 11, 1, 1, 1, 1, 1, 3, 3, 18, 3, 3, 17, 1, 20, 5, 21, 21, 21, 20, 21, 20, 20, 22, 20, 21, 9, 22, 22, 21, 21, 22, 19, 20, 21, 22, 20, 1, 22, 22, 21, 21, 14, 3, 17, 22, 3, 12, 13, 14, 20, 2, 3, 15, 1, 15, 18, 3, 1, 15, 18, 6, 2, 2, 7, 2, 3, 2, 15, 3, 2, 2, 2, 2, 2, 18, 10, 10, 2, 2, 2, 8, 8, 7, 4, 7, 7, 5, 3, 22, 3, 3, 16, 2, 7, 23, 1, 23, 24, 23, 13, 25, 24, 23, 23, 23, 23, 25, 1, 1, 6, 1, 1, 7, 1, 1, 1, 1, 1, 1, 11, 6, 1, 15, 5, 11, 15, 3, 2, 3, 3, 3, 2, 16, 1, 1, 1, 1, 1, 1, 7, 1, 1, 1, 1, 3, 6, 3, 17, 15, 1, 2, 2, 2, 2, 1, 19, 1, 1, 1, 1, 2, 5, 1, 4, 4, 26, 3, 15, 4, 4, 10, 17, 8, 8, 12, 26, 10, 4, 10, 4, 4, 3, 3, 17, 8, 9, 10, 10, 10, 13, 10, 8, 10, 9, 10, 4, 4, 8, 12, 10, 12, 13, 13, 11, 1, 2, 1, 2, 5, 2, 2, 2, 2, 2, 2, 2, 4, 15, 27, 27, 16, 2, 23, 22, 2, 15, 15, 27, 16, 25, 27, 15, 27, 26, 2, 2, 2, 2, 2, 2, 2]"
xerces,19,seed19_solution042,seed19_solution042,0.5920345075485263,9.731874638222537,1.7040574151365746,0.6976605362284293,0.5920345075485263,-9.731874638222537,1.7040574151365746,True,False,"[0, 0, 0, 0, 0, 0, 0, 0, 0, 0, 1, 0, 1, 0, 1, 2, 1, 0, 0, 0, 0, 0, 0, 0, 0, 0, 1, 0, 0, 0, 0, 1, 0, 0, 0, 0, 0, 0, 0, 1, 0, 1, 0, 1, 0, 0, 0, 3, 0, 0, 0, 0, 0, 0, 0, 0, 1, 0, 0, 0, 1, 0, 0, 0, 0, 4, 0, 1, 1, 0, 0, 1, 0, 0, 0, 0, 1, 1, 0, 0, 0, 1, 1, 0, 0, 0, 1, 1, 0, 0, 0, 0, 0, 0, 1, 0, 1, 0, 0, 1, 1, 0, 0, 0, 0, 0, 4, 5, 0, 0, 1, 6, 0, 1, 1, 6, 1, 0, 1, 0, 4, 0, 6, 6, 1, 6, 0, 1, 1, 6, 6, 0, 6, 6, 0, 6, 6, 0, 6, 6, 1, 6, 6, 0, 0, 0, 1, 0, 6, 0, 1, 6, 1, 1, 1, 1, 1, 1, 1, 0, 1, 1, 1, 1, 1, 0, 1, 1, 1, 0, 1, 0, 0, 1, 0, 1, 7, 0, 7, 1, 1, 1, 0, 1, 1, 1, 0, 8, 0, 1, 9, 10, 10, 0, 1, 0, 10, 10, 1, 1, 10, 11, 0, 4, 1, 12, 0, 1, 9, 9, 9, 1, 9, 1, 9, 9, 0, 1, 10, 0, 9, 1, 9, 0, 9, 13, 9, 9, 9, 0, 1, 0, 9, 9, 1, 9, 0, 1, 0, 1, 9, 9, 12, 9, 9, 12, 1, 1, 0, 1, 0, 0, 12, 1, 9, 0, 0, 9, 1, 12, 9, 1, 9, 0, 13, 0, 0, 12, 12, 12, 1, 1, 9, 1, 12, 6, 0, 9, 9, 1, 6, 6, 0, 0, 6, 1, 4, 4, 0, 1, 14, 0, 1, 1, 0, 3, 1, 0, 3, 0, 0, 15, 15, 7, 15, 1, 1, 1, 15, 1, 15, 15, 15, 1, 1, 0, 1, 15, 15, 0, 15, 0, 15, 15, 15, 0, 0, 8, 15, 1, 1, 0, 1, 4, 4, 5, 0, 12, 12, 6, 1, 12, 2, 2, 1, 0, 1, 12, 1, 5, 4, 0, 1, 0, 4, 0, 0, 0, 4, 1, 12, 12, 6, 1, 12, 12, 12, 0, 12, 12, 1, 12, 0, 1, 5, 1, 1, 12, 0, 12, 12, 1, 0, 0, 4, 3, 4, 4, 0, 1, 1, 3, 4, 4, 0, 0, 12, 12, 0, 7, 1, 1, 4, 0, 7, 7, 16, 1, 1, 16, 16, 1, 16, 1, 16, 1, 16, 1, 16, 0, 16, 12, 0, 1, 2, 0, 1, 14, 0, 12, 0, 0, 12, 1, 12, 0, 0, 12, 12, 1, 12, 0, 1, 5, 12, 0, 1, 12, 12, 0, 6, 1, 0, 0, 0, 0, 12, 12, 1, 5, 0, 1, 0, 1, 1, 12, 12, 0, 12, 16, 16, 16, 1, 1, 1, 2, 1, 0, 1, 1, 0, 16, 1, 1, 1, 1, 17, 17, 0, 10, 17, 0, 0, 0, 1, 0, 0, 0, 0, 2, 1, 8, 16, 0, 5, 5, 5, 5, 4, 0, 1, 1, 0, 1, 4, 11, 1, 4, 17, 16, 16, 16, 1, 16, 16, 16, 5, 0, 0, 5, 1, 16, 16, 0, 0, 0, 1, 1, 1, 1, 2, 0, 0, 5, 16, 17, 1, 1, 18, 1, 1, 0, 1, 5, 5, 16, 5, 0, 7, 5, 1, 1, 1, 3, 5, 0, 5, 0, 0, 1, 2, 2, 1, 0, 1, 1, 1, 1, 1, 1, 5, 0, 5, 5, 16, 1, 19, 19, 19, 0, 0, 0, 19, 19, 1, 19, 1, 1, 19, 19, 1, 0, 19, 19, 19, 19, 0, 19, 15, 1, 11, 1, 11, 0, 19, 0, 16, 20, 1, 12, 1, 0, 16, 1, 5, 1, 0, 1, 1, 1, 1, 16, 16, 6, 2, 2, 3, 2, 5, 3, 1, 5, 2, 3, 2, 1, 1, 1, 12, 5, 2, 2, 0, 4, 6, 6, 5, 5, 6, 5, 5, 20, 3, 5, 16, 5, 4, 5, 5, 21, 5, 5, 3, 21, 21, 21, 22, 21, 21, 1, 1, 1, 1, 1, 1, 2, 1, 1, 1, 1, 5, 3, 1, 1, 1, 16, 3, 6, 16, 2, 5, 5, 2, 5, 5, 5, 1, 1, 2, 1, 3, 1, 6, 1, 5, 5, 3, 5, 1, 5, 16, 2, 5, 3, 2, 2, 2, 1, 16, 1, 2, 2, 1, 3, 1, 2, 4, 4, 4, 2, 16, 4, 4, 12, 2, 12, 12, 6, 22, 3, 4, 12, 12, 2, 5, 5, 12, 5, 3, 12, 12, 12, 3, 12, 12, 12, 2, 2, 2, 2, 12, 2, 3, 9, 5, 5, 3, 5, 2, 2, 3, 5, 3, 5, 2, 2, 2, 2, 2, 2, 5, 5, 23, 5, 2, 2, 24, 2, 23, 5, 5, 23, 5, 8, 5, 3, 2, 2, 2, 2, 2, 2, 2, 2]"
xerces,19,seed19_solution043,seed19_solution043,0.6014953271028037,8.26164351783865,0.8688934818146643,0.6984570158537785,0.6014953271028037,-8.26164351783865,0.8688934818146643,True,False,"[0, 0, 0, 0, 0, 0, 0, 0, 0, 0, 0, 0, 0, 0, 1, 2, 0, 0, 0, 3, 2, 0, 0, 0, 0, 0, 3, 0, 0, 0, 0, 0, 0, 0, 0, 0, 0, 2, 0, 0, 0, 0, 4, 0, 0, 0, 0, 0, 0, 0, 5, 0, 0, 0, 0, 0, 0, 0, 5, 0, 0, 0, 0, 0, 0, 4, 0, 0, 6, 0, 0, 0, 0, 0, 0, 0, 0, 0, 0, 0, 0, 0, 0, 0, 0, 0, 0, 0, 0, 0, 0, 3, 0, 0, 0, 0, 0, 0, 0, 0, 4, 0, 6, 0, 0, 0, 5, 7, 5, 1, 1, 7, 0, 7, 8, 7, 9, 7, 7, 6, 7, 6, 8, 9, 9, 6, 9, 9, 7, 7, 5, 3, 7, 5, 9, 7, 6, 9, 7, 10, 7, 9, 7, 10, 9, 8, 1, 1, 6, 9, 1, 7, 7, 1, 5, 7, 1, 1, 1, 7, 1, 1, 1, 1, 1, 3, 10, 1, 1, 7, 1, 1, 7, 11, 1, 8, 10, 7, 7, 10, 10, 6, 7, 1, 1, 1, 1, 10, 1, 9, 12, 11, 9, 9, 9, 13, 6, 11, 6, 11, 13, 9, 13, 7, 12, 10, 8, 13, 12, 13, 14, 15, 12, 13, 12, 12, 14, 13, 11, 9, 12, 12, 12, 12, 12, 13, 12, 12, 12, 8, 11, 12, 16, 13, 12, 10, 12, 12, 12, 12, 12, 13, 10, 11, 12, 8, 12, 12, 12, 11, 13, 12, 13, 13, 12, 13, 16, 12, 1, 9, 12, 12, 14, 10, 12, 12, 9, 10, 8, 10, 10, 10, 12, 10, 15, 15, 12, 12, 11, 12, 7, 9, 8, 13, 9, 1, 6, 5, 1, 4, 11, 11, 13, 11, 13, 14, 14, 11, 13, 16, 15, 15, 9, 16, 16, 15, 16, 17, 16, 15, 11, 15, 15, 16, 14, 16, 16, 16, 15, 15, 17, 15, 15, 15, 16, 9, 15, 15, 16, 14, 16, 14, 15, 4, 5, 6, 3, 15, 10, 10, 10, 10, 2, 2, 14, 10, 9, 6, 3, 3, 4, 4, 5, 4, 4, 1, 4, 6, 6, 4, 10, 10, 10, 10, 10, 4, 9, 10, 13, 9, 9, 4, 10, 4, 3, 15, 1, 10, 15, 10, 8, 9, 10, 4, 4, 15, 4, 4, 5, 4, 4, 13, 3, 4, 4, 8, 7, 10, 5, 10, 8, 13, 4, 8, 7, 8, 18, 17, 15, 1, 17, 1, 17, 17, 15, 18, 13, 16, 18, 1, 18, 15, 13, 10, 2, 10, 17, 9, 10, 11, 10, 10, 8, 11, 10, 9, 10, 10, 10, 9, 10, 3, 1, 19, 9, 10, 13, 9, 13, 8, 4, 4, 8, 3, 15, 13, 9, 10, 8, 3, 15, 10, 10, 10, 10, 10, 10, 10, 13, 20, 18, 17, 17, 1, 10, 3, 1, 1, 6, 7, 17, 17, 18, 5, 5, 7, 18, 18, 20, 20, 18, 18, 18, 20, 3, 21, 1, 0, 2, 1, 3, 3, 17, 3, 3, 3, 3, 3, 4, 1, 1, 1, 3, 1, 4, 4, 6, 4, 17, 18, 1, 17, 17, 15, 18, 15, 3, 3, 3, 3, 3, 15, 18, 0, 20, 18, 6, 18, 1, 1, 2, 3, 3, 3, 18, 15, 1, 1, 20, 1, 1, 1, 1, 3, 3, 15, 1, 3, 3, 3, 2, 1, 3, 3, 3, 3, 3, 3, 3, 3, 2, 2, 1, 6, 1, 1, 1, 1, 1, 3, 3, 18, 3, 3, 15, 1, 14, 5, 21, 14, 21, 8, 14, 22, 22, 23, 14, 14, 21, 14, 23, 22, 20, 14, 20, 21, 21, 14, 23, 1, 14, 23, 21, 23, 13, 3, 18, 24, 3, 10, 4, 14, 17, 2, 3, 17, 1, 17, 18, 3, 1, 18, 6, 6, 2, 2, 12, 2, 3, 2, 9, 3, 2, 2, 2, 2, 3, 17, 10, 15, 2, 2, 2, 7, 7, 7, 7, 12, 10, 7, 3, 24, 3, 3, 18, 2, 12, 25, 1, 22, 26, 16, 13, 26, 22, 25, 25, 26, 26, 27, 1, 1, 6, 1, 7, 6, 1, 1, 1, 1, 6, 1, 12, 1, 1, 18, 5, 7, 16, 3, 2, 3, 3, 3, 2, 16, 1, 7, 1, 1, 1, 1, 7, 1, 1, 1, 1, 3, 1, 3, 18, 12, 1, 2, 2, 2, 2, 8, 18, 1, 1, 7, 7, 2, 7, 1, 4, 4, 27, 3, 18, 4, 4, 9, 13, 10, 13, 10, 25, 10, 4, 13, 10, 4, 3, 1, 10, 9, 10, 4, 15, 10, 13, 10, 9, 10, 8, 10, 4, 16, 10, 11, 10, 11, 13, 12, 12, 1, 2, 2, 2, 2, 2, 1, 2, 2, 7, 2, 2, 2, 17, 27, 19, 17, 2, 19, 27, 2, 19, 27, 19, 19, 17, 19, 17, 19, 27, 2, 2, 2, 2, 2, 2, 2]"
xerces,19,seed19_solution044,seed19_solution044,0.6170237239396118,9.807231305657018,1.6536712619172682,0.7166544860093143,0.6170237239396118,-9.807231305657018,1.6536712619172682,True,False,"[0, 0, 0, 0, 0, 0, 0, 0, 0, 1, 1, 0, 0, 0, 1, 2, 0, 0, 0, 0, 2, 0, 1, 0, 0, 1, 1, 0, 0, 1, 0, 1, 0, 0, 0, 0, 0, 1, 0, 0, 0, 1, 0, 0, 1, 0, 0, 0, 1, 0, 0, 0, 0, 0, 0, 0, 0, 0, 0, 0, 1, 0, 0, 0, 1, 3, 0, 1, 1, 0, 0, 1, 0, 0, 0, 0, 1, 0, 1, 1, 0, 1, 0, 0, 0, 0, 1, 0, 0, 0, 0, 0, 0, 0, 1, 0, 0, 0, 0, 1, 1, 0, 4, 0, 0, 0, 5, 6, 5, 0, 1, 7, 1, 8, 1, 1, 1, 7, 7, 1, 7, 7, 1, 7, 1, 0, 0, 7, 7, 7, 0, 0, 7, 1, 0, 7, 7, 7, 7, 1, 7, 0, 7, 0, 7, 7, 1, 1, 0, 7, 1, 0, 7, 1, 1, 1, 1, 1, 1, 7, 1, 1, 1, 1, 1, 0, 7, 1, 1, 7, 1, 0, 0, 1, 1, 1, 9, 9, 0, 9, 1, 1, 0, 1, 1, 1, 1, 10, 1, 1, 11, 12, 12, 10, 1, 12, 5, 12, 12, 1, 12, 1, 0, 0, 1, 0, 0, 11, 11, 1, 1, 11, 1, 1, 11, 11, 11, 11, 0, 10, 11, 1, 11, 11, 1, 11, 1, 1, 0, 0, 1, 11, 11, 11, 11, 0, 11, 1, 11, 1, 1, 0, 1, 0, 1, 7, 1, 11, 0, 11, 11, 11, 0, 1, 1, 0, 11, 11, 0, 1, 11, 1, 0, 0, 11, 0, 0, 0, 7, 10, 10, 1, 11, 10, 1, 10, 0, 11, 1, 7, 1, 7, 0, 0, 7, 0, 3, 1, 1, 3, 13, 13, 1, 1, 0, 0, 1, 0, 13, 14, 0, 1, 8, 8, 14, 1, 14, 1, 1, 1, 14, 14, 14, 14, 14, 14, 14, 8, 1, 0, 0, 0, 1, 14, 14, 0, 0, 9, 14, 1, 14, 14, 1, 0, 3, 1, 0, 10, 10, 7, 10, 0, 1, 0, 15, 10, 10, 10, 1, 0, 3, 0, 1, 3, 3, 3, 3, 0, 3, 3, 10, 10, 10, 1, 10, 0, 0, 10, 10, 10, 1, 0, 0, 3, 0, 10, 1, 1, 10, 10, 10, 1, 10, 3, 3, 0, 0, 3, 0, 1, 1, 1, 3, 3, 3, 0, 10, 0, 0, 9, 9, 1, 3, 9, 11, 9, 16, 16, 16, 16, 16, 2, 16, 1, 1, 16, 16, 1, 16, 1, 1, 0, 10, 1, 0, 10, 16, 10, 10, 1, 0, 10, 10, 1, 1, 0, 10, 7, 0, 10, 7, 6, 1, 1, 10, 0, 1, 10, 7, 10, 10, 3, 10, 0, 10, 0, 1, 10, 10, 6, 0, 1, 0, 1, 10, 0, 1, 0, 1, 16, 0, 0, 1, 1, 1, 2, 1, 0, 1, 1, 0, 16, 16, 1, 1, 1, 17, 17, 0, 12, 12, 17, 17, 0, 6, 0, 0, 0, 2, 2, 1, 6, 16, 6, 1, 0, 6, 0, 3, 0, 1, 0, 1, 1, 3, 3, 1, 3, 14, 1, 0, 16, 1, 16, 1, 1, 0, 0, 0, 1, 6, 16, 16, 0, 18, 0, 0, 1, 0, 1, 15, 6, 0, 6, 0, 16, 1, 0, 1, 1, 0, 0, 1, 6, 6, 16, 6, 0, 6, 6, 0, 1, 1, 6, 6, 6, 6, 6, 6, 6, 6, 2, 1, 0, 1, 1, 1, 1, 1, 1, 6, 16, 6, 1, 14, 0, 16, 0, 19, 19, 0, 0, 0, 0, 1, 1, 1, 19, 19, 19, 1, 19, 0, 16, 19, 19, 0, 19, 19, 1, 17, 1, 20, 0, 1, 6, 16, 21, 1, 1, 1, 17, 16, 2, 6, 1, 0, 16, 1, 1, 0, 16, 1, 1, 2, 2, 1, 2, 6, 2, 1, 6, 6, 2, 2, 1, 1, 16, 1, 6, 15, 2, 0, 7, 7, 7, 6, 7, 7, 6, 6, 21, 6, 6, 6, 6, 7, 6, 6, 15, 22, 6, 22, 1, 15, 6, 15, 6, 6, 1, 1, 15, 1, 1, 6, 2, 1, 1, 6, 1, 6, 15, 1, 6, 6, 16, 1, 7, 2, 6, 6, 15, 2, 6, 6, 2, 1, 6, 2, 2, 15, 1, 7, 1, 1, 1, 15, 2, 1, 6, 2, 16, 6, 15, 6, 2, 2, 1, 2, 1, 1, 1, 1, 15, 2, 1, 3, 15, 3, 2, 16, 13, 2, 10, 2, 10, 10, 10, 23, 15, 3, 6, 10, 3, 6, 6, 15, 10, 15, 10, 15, 10, 15, 10, 10, 7, 10, 2, 2, 2, 2, 11, 15, 11, 11, 6, 15, 6, 2, 2, 15, 6, 15, 6, 2, 2, 2, 2, 2, 6, 6, 6, 6, 6, 6, 2, 15, 2, 24, 24, 24, 24, 24, 24, 24, 15, 24, 2, 2, 2, 2, 15, 2, 2]"
xerces,19,seed19_solution045,seed19_solution045,0.6387922358015816,10.005714905113473,1.8061073938289423,0.6934197204439887,0.6387922358015816,-10.005714905113473,1.8061073938289423,True,False,"[0, 1, 0, 0, 0, 0, 1, 0, 0, 1, 0, 0, 1, 1, 1, 2, 0, 1, 0, 3, 0, 0, 0, 0, 0, 0, 0, 0, 0, 1, 0, 1, 0, 0, 0, 1, 0, 0, 0, 1, 1, 0, 0, 0, 0, 0, 0, 0, 1, 1, 0, 0, 1, 1, 0, 1, 1, 1, 0, 0, 1, 0, 0, 1, 0, 4, 1, 0, 0, 0, 0, 1, 0, 0, 1, 1, 0, 0, 0, 1, 0, 0, 0, 1, 0, 0, 0, 0, 0, 0, 0, 0, 0, 0, 0, 0, 0, 0, 0, 1, 1, 1, 0, 0, 0, 0, 5, 5, 1, 1, 1, 6, 0, 4, 6, 6, 6, 6, 6, 1, 1, 1, 1, 1, 1, 0, 0, 0, 6, 6, 1, 3, 1, 0, 6, 6, 0, 6, 6, 0, 6, 6, 6, 1, 1, 0, 1, 1, 0, 1, 1, 0, 6, 0, 1, 0, 1, 1, 1, 1, 1, 1, 1, 1, 0, 1, 0, 1, 0, 1, 1, 1, 1, 1, 1, 1, 1, 7, 7, 7, 7, 0, 0, 0, 0, 0, 0, 1, 1, 0, 8, 1, 1, 9, 10, 10, 10, 0, 10, 10, 1, 10, 1, 0, 0, 10, 1, 8, 8, 0, 8, 0, 1, 1, 11, 8, 1, 8, 1, 9, 1, 1, 8, 8, 0, 8, 8, 1, 0, 9, 0, 8, 8, 8, 1, 0, 1, 8, 8, 8, 0, 1, 9, 1, 0, 9, 8, 0, 0, 1, 8, 1, 9, 8, 8, 8, 1, 8, 1, 1, 8, 8, 8, 0, 8, 1, 9, 0, 9, 0, 9, 1, 8, 1, 0, 9, 8, 0, 1, 6, 1, 1, 1, 0, 6, 1, 1, 1, 0, 12, 0, 1, 1, 13, 13, 13, 1, 13, 13, 0, 0, 1, 0, 14, 14, 14, 14, 14, 0, 14, 0, 0, 0, 1, 14, 0, 0, 14, 1, 0, 0, 14, 14, 14, 0, 14, 14, 14, 1, 1, 1, 1, 14, 0, 1, 3, 12, 9, 9, 1, 9, 0, 2, 1, 0, 1, 1, 0, 3, 0, 12, 0, 0, 1, 12, 12, 12, 12, 12, 0, 9, 9, 9, 1, 1, 9, 1, 9, 9, 9, 1, 9, 9, 1, 1, 9, 1, 0, 9, 1, 0, 9, 1, 12, 0, 0, 12, 0, 1, 1, 1, 0, 12, 0, 1, 7, 7, 0, 0, 0, 7, 0, 12, 1, 0, 7, 15, 15, 15, 15, 1, 1, 15, 1, 0, 0, 15, 1, 1, 1, 1, 0, 9, 0, 2, 0, 15, 0, 9, 0, 9, 0, 1, 1, 1, 1, 1, 9, 1, 0, 1, 3, 15, 3, 9, 1, 0, 1, 1, 9, 9, 12, 7, 1, 9, 1, 1, 9, 0, 0, 0, 9, 9, 1, 1, 9, 1, 0, 9, 15, 0, 0, 0, 1, 1, 3, 1, 0, 1, 1, 15, 1, 15, 1, 1, 1, 11, 11, 11, 1, 11, 0, 1, 1, 0, 0, 0, 0, 1, 2, 1, 1, 15, 3, 0, 0, 1, 1, 12, 0, 1, 1, 1, 0, 12, 12, 12, 0, 1, 1, 0, 1, 15, 15, 15, 1, 3, 3, 1, 3, 1, 0, 1, 0, 16, 15, 0, 15, 0, 1, 3, 3, 3, 3, 1, 15, 1, 0, 17, 0, 1, 0, 1, 3, 1, 0, 0, 0, 3, 0, 0, 1, 3, 3, 3, 3, 0, 3, 3, 1, 3, 2, 0, 1, 1, 1, 0, 1, 1, 1, 3, 1, 1, 1, 15, 1, 18, 18, 18, 18, 18, 18, 0, 18, 1, 0, 1, 18, 18, 0, 1, 0, 18, 18, 0, 18, 1, 18, 18, 1, 19, 19, 19, 19, 1, 3, 0, 20, 1, 1, 9, 11, 15, 1, 3, 1, 1, 0, 1, 3, 1, 0, 15, 0, 2, 2, 1, 2, 3, 2, 15, 2, 2, 2, 2, 2, 0, 15, 9, 0, 2, 2, 0, 6, 6, 0, 2, 6, 2, 2, 0, 20, 3, 0, 0, 3, 6, 21, 1, 22, 22, 22, 22, 22, 22, 3, 3, 3, 22, 2, 1, 2, 1, 1, 1, 2, 3, 1, 3, 1, 2, 3, 1, 3, 1, 3, 1, 6, 3, 2, 3, 3, 3, 3, 3, 2, 2, 3, 1, 2, 1, 3, 6, 1, 1, 2, 2, 3, 1, 3, 2, 15, 3, 3, 2, 2, 2, 1, 15, 2, 1, 1, 1, 2, 1, 1, 2, 12, 12, 2, 3, 12, 2, 2, 9, 3, 9, 9, 23, 3, 2, 3, 9, 2, 3, 2, 9, 3, 3, 2, 3, 3, 3, 9, 9, 9, 3, 9, 9, 2, 9, 2, 9, 3, 2, 8, 8, 1, 2, 2, 3, 3, 3, 2, 2, 2, 3, 2, 2, 3, 3, 3, 2, 3, 2, 3, 2, 2, 24, 2, 24, 24, 24, 24, 24, 24, 24, 2, 3, 2, 2, 2, 2, 3]"
xerces,19,seed19_solution046,seed19_solution046,0.6523939611790079,3.235919754970766,0.7759344466286626,0.7531825857977591,0.6523939611790079,-3.235919754970766,0.7759344466286626,True,False,"[0, 0, 0, 0, 0, 1, 0, 0, 0, 2, 0, 2, 3, 0, 4, 5, 0, 0, 0, 6, 7, 0, 0, 0, 0, 0, 6, 0, 0, 0, 8, 3, 9, 0, 10, 0, 0, 0, 0, 0, 0, 9, 0, 0, 0, 0, 0, 0, 0, 8, 0, 11, 0, 6, 0, 0, 0, 0, 3, 0, 0, 0, 0, 0, 0, 2, 0, 0, 7, 0, 9, 0, 0, 3, 0, 0, 12, 0, 0, 0, 0, 0, 0, 0, 3, 5, 13, 4, 11, 3, 0, 0, 13, 0, 0, 0, 0, 14, 0, 0, 15, 0, 15, 14, 0, 0, 3, 13, 8, 4, 4, 5, 15, 6, 8, 3, 5, 16, 5, 15, 5, 15, 15, 5, 5, 15, 5, 5, 5, 5, 5, 6, 5, 5, 14, 5, 14, 13, 5, 15, 15, 5, 5, 6, 5, 5, 4, 3, 5, 5, 4, 15, 6, 4, 4, 4, 4, 4, 4, 15, 4, 5, 4, 4, 4, 6, 15, 4, 4, 5, 4, 4, 4, 10, 14, 9, 2, 2, 8, 8, 2, 4, 8, 4, 4, 4, 4, 7, 4, 12, 16, 9, 10, 9, 10, 10, 10, 10, 10, 13, 10, 9, 3, 4, 13, 12, 13, 13, 16, 13, 14, 13, 13, 7, 16, 16, 16, 13, 13, 7, 6, 13, 16, 13, 13, 4, 13, 16, 13, 17, 12, 13, 16, 16, 13, 13, 16, 13, 13, 16, 16, 13, 8, 16, 7, 17, 17, 13, 13, 13, 16, 13, 12, 13, 13, 16, 9, 0, 3, 12, 14, 16, 13, 13, 16, 13, 13, 12, 3, 9, 12, 9, 13, 9, 9, 13, 13, 13, 13, 5, 5, 5, 15, 15, 5, 4, 7, 7, 5, 7, 17, 17, 17, 12, 10, 17, 10, 3, 17, 2, 12, 12, 14, 12, 16, 12, 9, 14, 12, 6, 14, 14, 12, 14, 13, 12, 14, 16, 12, 12, 12, 12, 12, 3, 10, 12, 13, 12, 4, 14, 12, 12, 12, 5, 2, 8, 2, 16, 12, 9, 9, 9, 9, 7, 16, 9, 10, 9, 11, 12, 2, 7, 2, 2, 2, 2, 5, 2, 7, 4, 12, 12, 0, 12, 12, 9, 9, 17, 14, 7, 10, 12, 9, 15, 11, 17, 4, 15, 9, 9, 4, 5, 14, 7, 7, 12, 2, 2, 15, 2, 2, 17, 2, 7, 2, 8, 8, 9, 8, 8, 8, 15, 7, 8, 8, 11, 18, 18, 19, 19, 18, 4, 18, 0, 18, 12, 19, 19, 18, 5, 18, 9, 12, 9, 5, 13, 18, 2, 9, 9, 12, 17, 12, 9, 9, 9, 12, 9, 17, 9, 9, 11, 6, 11, 9, 9, 9, 9, 17, 9, 2, 10, 13, 7, 9, 17, 9, 9, 9, 6, 4, 9, 9, 9, 12, 3, 13, 9, 9, 18, 16, 19, 18, 7, 4, 11, 4, 5, 4, 4, 18, 18, 19, 4, 4, 16, 0, 10, 19, 19, 10, 15, 10, 19, 6, 7, 4, 8, 5, 17, 9, 13, 19, 6, 11, 11, 6, 6, 2, 4, 4, 4, 4, 4, 2, 3, 8, 2, 19, 18, 18, 3, 18, 18, 3, 18, 12, 11, 15, 7, 11, 18, 18, 0, 8, 19, 4, 19, 4, 14, 5, 11, 11, 11, 19, 18, 4, 4, 20, 8, 9, 4, 10, 6, 6, 18, 11, 6, 14, 11, 5, 4, 8, 11, 17, 11, 11, 8, 0, 6, 5, 7, 4, 4, 4, 4, 4, 4, 4, 11, 11, 18, 11, 11, 8, 4, 1, 1, 21, 21, 21, 1, 22, 21, 21, 11, 7, 1, 1, 13, 1, 21, 21, 4, 21, 4, 7, 1, 1, 5, 22, 9, 22, 9, 9, 6, 18, 23, 11, 9, 17, 19, 15, 5, 6, 14, 0, 19, 18, 11, 12, 8, 18, 15, 7, 9, 5, 17, 11, 6, 19, 11, 7, 7, 7, 7, 9, 17, 9, 12, 17, 13, 5, 5, 5, 5, 5, 7, 15, 5, 6, 23, 11, 11, 19, 11, 5, 2, 4, 24, 12, 22, 17, 22, 13, 3, 12, 22, 4, 22, 4, 4, 15, 4, 4, 5, 4, 4, 14, 4, 4, 0, 4, 4, 4, 18, 4, 5, 19, 8, 11, 15, 11, 11, 11, 11, 8, 5, 4, 4, 4, 4, 3, 4, 4, 4, 8, 17, 4, 11, 4, 19, 4, 7, 3, 3, 7, 15, 18, 8, 4, 4, 4, 17, 4, 8, 2, 15, 17, 11, 18, 2, 7, 3, 9, 9, 12, 11, 23, 12, 7, 9, 2, 2, 11, 5, 9, 7, 17, 12, 17, 9, 9, 12, 9, 9, 9, 12, 9, 2, 9, 13, 9, 13, 16, 16, 6, 3, 4, 5, 5, 7, 13, 4, 7, 7, 6, 7, 7, 4, 25, 3, 24, 14, 15, 13, 0, 11, 10, 14, 3, 14, 14, 14, 14, 12, 14, 7, 5, 17, 7, 7, 7, 13]"
xerces,19,seed19_solution047,seed19_solution047,0.6614521926671459,12.416305741973375,2.1899611750586128,0.66752496477703,0.6614521926671459,-12.416305741973375,2.1899611750586128,True,False,"[0, 0, 0, 1, 1, 0, 0, 0, 0, 1, 1, 0, 1, 1, 1, 2, 1, 0, 0, 0, 0, 0, 1, 0, 0, 1, 1, 0, 0, 1, 0, 1, 0, 0, 0, 0, 1, 1, 0, 1, 0, 1, 0, 1, 1, 0, 0, 0, 1, 0, 0, 0, 0, 0, 0, 0, 1, 1, 0, 0, 1, 0, 0, 0, 1, 1, 0, 1, 1, 1, 0, 1, 0, 1, 0, 0, 1, 1, 1, 1, 0, 1, 1, 0, 0, 0, 1, 1, 0, 0, 0, 1, 0, 0, 1, 0, 1, 0, 0, 1, 1, 0, 0, 0, 0, 0, 1, 3, 0, 0, 1, 1, 1, 1, 1, 1, 1, 0, 1, 0, 4, 0, 1, 1, 1, 0, 0, 1, 1, 1, 0, 0, 0, 1, 0, 1, 0, 0, 0, 1, 1, 0, 0, 0, 0, 0, 1, 0, 0, 0, 1, 0, 1, 1, 1, 0, 1, 1, 0, 0, 0, 1, 1, 1, 1, 0, 1, 1, 1, 0, 1, 0, 0, 1, 0, 1, 1, 0, 0, 1, 1, 1, 0, 0, 1, 1, 0, 0, 0, 1, 1, 0, 1, 0, 1, 0, 5, 0, 1, 1, 0, 1, 0, 0, 1, 0, 0, 1, 0, 1, 1, 1, 1, 1, 6, 0, 0, 1, 0, 0, 1, 1, 0, 0, 1, 6, 1, 1, 0, 0, 1, 0, 6, 1, 1, 0, 0, 1, 0, 1, 1, 0, 1, 0, 1, 7, 1, 1, 0, 1, 0, 0, 0, 1, 1, 0, 0, 1, 0, 1, 0, 1, 0, 0, 6, 0, 0, 0, 7, 0, 1, 1, 0, 1, 1, 7, 0, 0, 1, 1, 1, 1, 0, 0, 4, 0, 1, 1, 0, 1, 5, 0, 1, 1, 0, 0, 1, 0, 0, 0, 0, 1, 8, 8, 1, 1, 1, 1, 1, 1, 1, 0, 1, 1, 1, 0, 1, 8, 1, 0, 0, 0, 1, 1, 0, 0, 0, 9, 1, 1, 1, 0, 1, 0, 1, 1, 0, 0, 0, 7, 1, 0, 1, 0, 1, 0, 1, 0, 1, 0, 1, 0, 1, 0, 1, 0, 0, 0, 1, 1, 7, 1, 7, 1, 0, 0, 0, 0, 1, 1, 1, 0, 0, 1, 0, 1, 1, 1, 0, 1, 1, 1, 0, 0, 1, 0, 0, 0, 0, 1, 1, 1, 1, 0, 0, 0, 10, 0, 0, 1, 1, 1, 1, 0, 11, 10, 0, 1, 1, 0, 1, 2, 0, 1, 1, 1, 0, 1, 0, 0, 1, 0, 0, 1, 0, 0, 1, 5, 0, 1, 0, 0, 0, 1, 1, 0, 0, 7, 0, 1, 7, 0, 1, 1, 0, 0, 1, 0, 7, 0, 7, 1, 0, 0, 0, 0, 1, 0, 1, 0, 0, 1, 0, 1, 1, 0, 1, 0, 1, 1, 0, 0, 1, 0, 0, 2, 0, 0, 1, 1, 0, 0, 1, 0, 1, 1, 1, 1, 0, 12, 12, 0, 0, 0, 1, 0, 0, 0, 0, 2, 1, 0, 1, 0, 1, 0, 1, 0, 0, 0, 1, 0, 0, 1, 0, 13, 1, 1, 14, 1, 0, 0, 1, 1, 1, 1, 0, 0, 0, 1, 1, 1, 0, 0, 0, 0, 0, 1, 0, 1, 15, 0, 0, 0, 0, 14, 1, 0, 1, 1, 0, 0, 1, 2, 1, 14, 0, 0, 8, 2, 0, 1, 1, 15, 0, 0, 1, 0, 0, 1, 0, 1, 1, 0, 1, 1, 1, 1, 1, 1, 0, 0, 0, 1, 14, 0, 16, 0, 1, 0, 0, 0, 0, 0, 1, 1, 1, 1, 0, 1, 1, 0, 0, 16, 16, 1, 0, 0, 16, 1, 17, 1, 0, 0, 1, 0, 1, 18, 1, 1, 1, 0, 14, 1, 0, 1, 0, 1, 1, 1, 0, 0, 1, 1, 1, 0, 15, 2, 3, 15, 1, 3, 3, 15, 1, 1, 1, 1, 1, 3, 15, 2, 0, 4, 4, 3, 3, 3, 1, 3, 0, 18, 15, 3, 3, 1, 4, 3, 3, 15, 3, 3, 15, 1, 15, 3, 15, 3, 3, 1, 3, 15, 1, 1, 3, 2, 1, 1, 3, 2, 3, 15, 3, 3, 3, 2, 15, 2, 2, 2, 3, 15, 2, 3, 15, 2, 2, 3, 2, 2, 15, 2, 15, 15, 3, 3, 15, 2, 1, 2, 2, 2, 3, 15, 3, 2, 2, 1, 2, 15, 2, 2, 1, 15, 2, 2, 2, 15, 2, 2, 2, 13, 2, 2, 2, 2, 7, 7, 2, 15, 2, 3, 3, 2, 3, 3, 15, 3, 15, 15, 15, 15, 15, 3, 15, 7, 2, 2, 2, 2, 2, 2, 15, 15, 3, 3, 15, 3, 2, 2, 15, 3, 15, 3, 2, 19, 15, 2, 2, 3, 3, 3, 3, 3, 3, 2, 15, 2, 2, 3, 3, 2, 3, 2, 3, 15, 2, 2, 2, 2, 2, 15, 15, 2]"
xerces,19,seed19_solution048,seed19_solution048,0.6616822429906543,12.416368282744923,2.1816756820897565,0.6707494174792394,0.6616822429906543,-12.416368282744923,2.1816756820897565,True,False,"[0, 0, 0, 1, 1, 0, 0, 0, 0, 1, 1, 0, 1, 1, 1, 2, 1, 0, 0, 0, 0, 0, 1, 0, 0, 1, 1, 0, 0, 1, 0, 1, 0, 0, 0, 0, 1, 1, 0, 1, 0, 1, 0, 3, 1, 0, 0, 0, 1, 0, 0, 0, 0, 0, 0, 0, 1, 1, 0, 0, 1, 0, 0, 0, 1, 1, 0, 1, 1, 1, 0, 1, 0, 1, 0, 0, 1, 1, 1, 1, 0, 1, 1, 0, 0, 0, 1, 1, 0, 0, 0, 1, 0, 0, 1, 0, 1, 0, 0, 1, 1, 0, 0, 0, 0, 0, 1, 4, 0, 0, 1, 1, 1, 1, 1, 1, 1, 0, 1, 0, 5, 0, 1, 1, 1, 0, 0, 1, 1, 1, 0, 0, 0, 1, 0, 1, 0, 0, 0, 1, 1, 0, 0, 0, 0, 0, 1, 0, 0, 0, 1, 0, 1, 1, 1, 0, 1, 1, 0, 0, 0, 1, 1, 1, 1, 0, 1, 1, 1, 0, 1, 0, 0, 1, 0, 1, 1, 0, 0, 1, 1, 1, 0, 0, 1, 1, 0, 0, 0, 1, 1, 0, 1, 0, 1, 0, 6, 0, 1, 1, 0, 1, 0, 0, 1, 0, 0, 1, 0, 1, 1, 1, 1, 1, 7, 0, 0, 1, 0, 0, 1, 1, 0, 0, 1, 7, 1, 1, 0, 0, 1, 0, 7, 1, 1, 0, 0, 1, 0, 1, 1, 0, 1, 0, 1, 8, 1, 1, 0, 1, 0, 0, 0, 1, 1, 0, 0, 1, 0, 1, 0, 1, 0, 0, 7, 0, 0, 0, 8, 0, 1, 1, 0, 1, 1, 8, 0, 0, 1, 1, 1, 1, 0, 0, 5, 0, 1, 1, 0, 1, 6, 0, 1, 1, 0, 0, 1, 0, 0, 0, 0, 1, 9, 9, 1, 1, 1, 1, 1, 1, 1, 0, 1, 1, 1, 0, 1, 9, 1, 0, 0, 0, 1, 1, 0, 0, 0, 10, 1, 1, 1, 0, 1, 0, 1, 1, 0, 0, 0, 8, 1, 0, 1, 0, 1, 0, 1, 0, 1, 0, 1, 0, 1, 0, 1, 0, 0, 0, 1, 1, 8, 1, 8, 1, 0, 0, 11, 0, 1, 1, 1, 0, 0, 1, 0, 1, 1, 1, 0, 1, 1, 1, 0, 0, 1, 0, 0, 0, 0, 1, 1, 1, 1, 0, 0, 0, 12, 0, 0, 1, 1, 1, 1, 0, 3, 12, 0, 1, 1, 0, 1, 2, 0, 1, 1, 1, 0, 1, 0, 0, 1, 0, 0, 1, 0, 0, 1, 6, 0, 1, 0, 0, 0, 1, 1, 0, 0, 8, 0, 1, 8, 0, 1, 1, 0, 0, 1, 0, 8, 0, 8, 1, 0, 0, 0, 0, 1, 0, 1, 0, 0, 1, 0, 1, 1, 0, 1, 0, 1, 1, 0, 0, 1, 0, 0, 2, 0, 0, 1, 1, 0, 0, 1, 0, 1, 1, 1, 1, 0, 13, 13, 0, 0, 0, 1, 0, 0, 0, 0, 2, 1, 0, 1, 0, 1, 0, 1, 0, 0, 0, 1, 0, 0, 1, 0, 11, 1, 1, 14, 1, 0, 0, 1, 1, 1, 1, 0, 0, 0, 1, 1, 1, 0, 0, 0, 0, 0, 1, 0, 1, 15, 0, 0, 0, 0, 14, 1, 0, 1, 1, 0, 0, 1, 2, 1, 14, 0, 0, 9, 2, 0, 1, 1, 15, 0, 0, 1, 0, 0, 1, 0, 1, 1, 0, 1, 1, 1, 1, 1, 1, 0, 0, 0, 1, 14, 0, 16, 0, 1, 0, 0, 0, 0, 0, 1, 1, 1, 1, 0, 1, 1, 0, 0, 16, 16, 1, 0, 0, 16, 1, 17, 1, 0, 0, 1, 0, 1, 18, 1, 1, 1, 0, 14, 1, 0, 1, 0, 1, 1, 1, 0, 0, 1, 1, 1, 0, 15, 2, 4, 15, 1, 4, 4, 15, 1, 1, 1, 1, 1, 4, 15, 2, 0, 5, 5, 4, 4, 4, 1, 4, 0, 18, 15, 4, 4, 1, 5, 4, 4, 15, 4, 4, 15, 1, 15, 4, 15, 4, 4, 1, 4, 15, 1, 1, 4, 2, 1, 1, 4, 2, 4, 15, 4, 4, 4, 2, 15, 2, 2, 2, 4, 15, 2, 4, 15, 2, 2, 4, 2, 2, 15, 2, 15, 15, 4, 4, 15, 2, 1, 2, 2, 2, 4, 15, 4, 2, 2, 1, 2, 15, 2, 2, 1, 15, 2, 2, 2, 15, 2, 2, 2, 11, 2, 2, 2, 2, 8, 8, 2, 15, 2, 4, 4, 2, 4, 4, 15, 4, 15, 15, 15, 15, 15, 4, 15, 8, 2, 2, 2, 2, 2, 2, 15, 15, 4, 4, 15, 4, 2, 2, 15, 4, 15, 4, 2, 19, 15, 2, 2, 4, 4, 4, 4, 4, 4, 2, 15, 2, 2, 4, 4, 2, 4, 2, 4, 15, 2, 2, 2, 2, 2, 15, 15, 2]"
xerces,19,seed19_solution049,seed19_solution049,0.6618835370237239,13.201563251677968,2.127366884742544,0.6663681330542895,0.6618835370237239,-13.201563251677968,2.127366884742544,True,False,"[0, 0, 0, 1, 1, 0, 0, 0, 0, 1, 1, 0, 1, 1, 1, 2, 1, 0, 0, 0, 0, 0, 1, 0, 0, 1, 1, 0, 0, 1, 1, 1, 0, 0, 0, 0, 1, 1, 0, 1, 0, 1, 0, 1, 1, 0, 0, 0, 1, 0, 0, 0, 0, 0, 0, 0, 1, 1, 0, 0, 1, 0, 0, 0, 1, 1, 0, 1, 1, 1, 0, 1, 0, 1, 0, 0, 1, 1, 1, 1, 0, 1, 1, 0, 0, 0, 1, 1, 0, 0, 0, 1, 0, 0, 1, 0, 1, 0, 0, 1, 1, 0, 0, 0, 0, 0, 1, 3, 0, 0, 1, 1, 1, 1, 1, 1, 1, 0, 1, 0, 4, 0, 1, 1, 1, 0, 0, 1, 1, 1, 0, 0, 0, 1, 0, 1, 0, 0, 0, 1, 1, 0, 0, 0, 0, 0, 1, 0, 0, 0, 1, 0, 1, 1, 1, 0, 1, 1, 0, 0, 0, 1, 1, 1, 1, 0, 1, 1, 1, 0, 1, 0, 0, 1, 0, 1, 1, 0, 0, 1, 1, 1, 0, 0, 1, 1, 0, 0, 0, 1, 1, 0, 1, 0, 1, 0, 5, 0, 1, 1, 0, 1, 0, 0, 1, 0, 0, 1, 0, 1, 1, 1, 1, 1, 6, 0, 0, 1, 0, 0, 1, 1, 0, 0, 1, 6, 1, 1, 0, 0, 1, 0, 6, 1, 1, 0, 0, 1, 0, 1, 1, 0, 1, 0, 1, 7, 1, 1, 0, 1, 0, 0, 0, 1, 1, 0, 0, 1, 0, 1, 0, 1, 0, 0, 6, 0, 0, 0, 7, 0, 1, 1, 0, 1, 1, 7, 0, 0, 1, 1, 1, 1, 0, 0, 4, 0, 1, 1, 0, 1, 5, 0, 1, 1, 0, 0, 1, 0, 0, 0, 0, 1, 8, 8, 1, 1, 1, 1, 1, 1, 1, 0, 1, 1, 1, 0, 1, 8, 1, 0, 0, 0, 1, 1, 0, 0, 0, 9, 1, 1, 1, 0, 1, 0, 1, 1, 0, 0, 0, 7, 1, 0, 1, 0, 1, 0, 1, 0, 1, 0, 1, 0, 1, 0, 1, 0, 0, 0, 1, 1, 7, 1, 7, 1, 0, 0, 0, 0, 1, 1, 1, 0, 0, 1, 0, 1, 1, 1, 0, 1, 1, 1, 0, 0, 1, 0, 0, 0, 0, 1, 1, 1, 1, 0, 0, 0, 10, 0, 0, 1, 1, 1, 1, 0, 11, 10, 0, 1, 1, 0, 1, 2, 0, 1, 1, 1, 0, 1, 0, 0, 1, 0, 0, 1, 0, 0, 1, 5, 0, 1, 0, 0, 0, 1, 1, 0, 0, 7, 0, 1, 7, 0, 1, 1, 0, 0, 1, 0, 7, 0, 7, 1, 0, 0, 0, 0, 1, 0, 1, 0, 0, 1, 0, 1, 1, 0, 1, 0, 1, 1, 0, 0, 1, 0, 0, 2, 0, 0, 1, 1, 0, 0, 1, 0, 1, 1, 1, 1, 0, 12, 12, 0, 0, 0, 1, 0, 0, 0, 0, 2, 1, 0, 1, 0, 1, 0, 1, 0, 0, 0, 1, 0, 0, 1, 0, 13, 1, 1, 14, 1, 0, 0, 1, 1, 1, 1, 0, 0, 0, 1, 1, 1, 0, 0, 0, 0, 0, 1, 0, 1, 15, 0, 0, 0, 0, 14, 1, 0, 1, 1, 0, 0, 1, 2, 1, 14, 0, 0, 1, 2, 0, 1, 1, 15, 0, 0, 1, 0, 0, 1, 0, 1, 1, 0, 1, 1, 1, 1, 1, 1, 0, 0, 0, 1, 14, 0, 16, 0, 1, 0, 0, 0, 0, 0, 1, 1, 1, 1, 0, 1, 1, 0, 0, 16, 16, 1, 0, 0, 16, 1, 17, 1, 0, 0, 1, 0, 1, 18, 1, 1, 1, 0, 14, 1, 0, 1, 0, 1, 1, 1, 0, 0, 1, 1, 1, 0, 15, 2, 3, 15, 1, 3, 3, 15, 1, 1, 1, 1, 1, 3, 15, 2, 0, 4, 4, 3, 3, 3, 1, 3, 0, 18, 15, 3, 3, 1, 4, 3, 3, 15, 3, 3, 15, 1, 15, 3, 15, 3, 3, 1, 3, 15, 1, 1, 3, 2, 1, 1, 3, 2, 3, 15, 3, 3, 3, 2, 15, 2, 2, 2, 3, 15, 2, 3, 15, 2, 2, 3, 2, 2, 15, 2, 15, 15, 3, 3, 15, 2, 1, 2, 2, 2, 3, 15, 3, 2, 2, 1, 2, 15, 2, 2, 1, 15, 2, 2, 2, 15, 2, 2, 2, 13, 2, 2, 2, 2, 7, 7, 2, 15, 2, 3, 3, 2, 3, 3, 15, 3, 15, 15, 15, 15, 15, 3, 15, 7, 2, 2, 2, 2, 2, 2, 15, 15, 3, 3, 15, 3, 2, 2, 15, 3, 15, 3, 2, 3, 15, 2, 2, 3, 3, 3, 3, 3, 3, 2, 15, 2, 2, 3, 3, 2, 3, 2, 3, 15, 2, 2, 2, 2, 2, 15, 15, 2]"
xerces,19,seed19_solution050,seed19_solution050,0.6621423436376708,9.676845955313203,1.5460598885550867,0.6872842319831041,0.6621423436376708,-9.676845955313203,1.5460598885550867,True,False,"[0, 0, 0, 0, 1, 0, 0, 0, 0, 1, 1, 0, 1, 0, 1, 2, 0, 0, 0, 2, 1, 0, 0, 0, 0, 1, 3, 0, 0, 0, 3, 0, 0, 0, 0, 0, 0, 3, 0, 3, 3, 0, 0, 1, 0, 0, 0, 0, 0, 0, 0, 0, 0, 2, 0, 0, 0, 1, 0, 1, 3, 1, 0, 2, 0, 4, 1, 0, 1, 0, 0, 0, 0, 0, 0, 0, 0, 3, 3, 1, 1, 0, 1, 2, 0, 0, 2, 0, 0, 0, 0, 3, 0, 3, 0, 0, 0, 0, 1, 0, 0, 1, 1, 1, 0, 0, 5, 0, 5, 0, 1, 6, 0, 3, 1, 6, 1, 6, 1, 2, 6, 0, 6, 1, 6, 1, 3, 3, 6, 6, 6, 0, 6, 0, 0, 4, 1, 6, 0, 6, 6, 6, 6, 6, 6, 6, 1, 0, 3, 0, 1, 0, 6, 0, 1, 1, 1, 1, 1, 6, 0, 1, 1, 1, 1, 2, 1, 1, 1, 0, 1, 1, 1, 1, 1, 0, 7, 1, 0, 7, 7, 1, 7, 1, 1, 1, 1, 1, 1, 8, 9, 10, 0, 0, 1, 3, 3, 10, 10, 2, 10, 10, 3, 0, 9, 8, 1, 9, 9, 0, 1, 9, 3, 9, 3, 9, 9, 9, 0, 8, 9, 9, 9, 9, 1, 5, 9, 1, 0, 8, 8, 0, 9, 2, 1, 9, 9, 9, 0, 9, 9, 1, 8, 9, 0, 8, 9, 2, 0, 1, 0, 9, 8, 9, 3, 9, 3, 1, 1, 2, 0, 9, 9, 0, 0, 9, 2, 1, 8, 8, 1, 8, 9, 3, 8, 1, 0, 9, 9, 0, 6, 1, 1, 6, 3, 3, 4, 4, 1, 4, 11, 11, 11, 1, 11, 11, 11, 0, 11, 12, 12, 12, 12, 1, 12, 1, 12, 0, 3, 1, 12, 12, 3, 1, 1, 1, 3, 12, 12, 1, 12, 12, 12, 12, 12, 0, 12, 12, 12, 12, 2, 0, 12, 3, 4, 2, 3, 0, 0, 4, 2, 8, 3, 3, 13, 1, 8, 0, 1, 2, 4, 4, 4, 4, 1, 4, 4, 0, 1, 0, 8, 8, 8, 8, 8, 1, 8, 8, 8, 0, 1, 3, 8, 0, 2, 2, 1, 8, 8, 1, 8, 0, 8, 0, 4, 3, 4, 1, 1, 1, 1, 11, 4, 4, 0, 7, 7, 8, 0, 7, 3, 7, 1, 3, 7, 1, 14, 1, 14, 14, 1, 1, 14, 14, 1, 14, 0, 1, 3, 1, 14, 8, 8, 3, 0, 8, 0, 8, 8, 8, 4, 0, 8, 8, 1, 2, 0, 4, 8, 8, 8, 2, 14, 2, 8, 0, 8, 1, 8, 2, 8, 0, 8, 3, 8, 15, 8, 8, 8, 2, 8, 3, 1, 8, 0, 6, 0, 8, 8, 14, 0, 0, 14, 0, 0, 2, 1, 0, 1, 1, 14, 14, 14, 2, 1, 3, 3, 16, 16, 16, 1, 16, 16, 16, 2, 3, 1, 0, 0, 1, 2, 2, 14, 0, 1, 2, 3, 3, 4, 1, 1, 3, 1, 1, 3, 1, 17, 4, 14, 14, 14, 14, 14, 14, 3, 1, 0, 1, 3, 2, 1, 14, 0, 0, 0, 1, 1, 14, 1, 2, 2, 0, 2, 2, 0, 0, 2, 1, 18, 1, 1, 0, 1, 1, 1, 14, 2, 2, 2, 3, 0, 1, 2, 0, 0, 0, 0, 2, 2, 1, 0, 3, 1, 1, 3, 1, 0, 1, 1, 2, 1, 14, 2, 0, 1, 1, 19, 0, 1, 1, 19, 19, 19, 19, 19, 19, 19, 3, 19, 19, 19, 19, 0, 19, 19, 2, 3, 19, 1, 1, 20, 20, 0, 0, 20, 2, 14, 21, 2, 0, 0, 3, 14, 3, 0, 0, 1, 14, 14, 2, 2, 14, 1, 1, 3, 17, 1, 3, 2, 1, 14, 2, 0, 3, 3, 1, 0, 1, 1, 8, 3, 1, 1, 11, 9, 6, 6, 6, 0, 6, 2, 21, 2, 2, 14, 0, 6, 1, 0, 22, 22, 22, 8, 22, 22, 22, 0, 0, 22, 22, 2, 8, 0, 1, 1, 1, 1, 1, 1, 3, 1, 1, 1, 1, 1, 1, 1, 1, 3, 2, 3, 8, 1, 1, 1, 2, 1, 1, 1, 3, 1, 0, 6, 2, 0, 2, 1, 2, 1, 2, 1, 1, 1, 1, 3, 3, 3, 1, 14, 1, 3, 1, 1, 3, 2, 1, 4, 4, 1, 2, 14, 3, 4, 8, 8, 3, 2, 8, 3, 8, 0, 2, 8, 3, 2, 2, 8, 8, 0, 3, 8, 8, 8, 3, 8, 8, 1, 3, 3, 3, 3, 0, 3, 9, 1, 9, 9, 1, 3, 1, 0, 3, 3, 3, 0, 3, 3, 3, 3, 3, 2, 23, 24, 24, 12, 3, 0, 1, 24, 24, 24, 3, 24, 3, 24, 24, 3, 3, 3, 1, 3, 3, 3, 3]"
xerces,19,seed19_solution051,seed19_solution051,0.662803738317757,11.274325652536335,2.106169965230349,0.708293142945873,0.662803738317757,-11.274325652536335,2.106169965230349,True,False,"[0, 0, 0, 0, 0, 0, 0, 0, 0, 1, 1, 0, 1, 1, 1, 2, 1, 0, 0, 0, 0, 0, 1, 0, 0, 1, 0, 0, 0, 0, 1, 1, 0, 0, 0, 0, 1, 0, 0, 1, 0, 1, 0, 0, 1, 0, 0, 0, 1, 1, 0, 0, 0, 1, 0, 1, 0, 1, 0, 0, 1, 0, 0, 0, 1, 1, 0, 1, 1, 1, 0, 1, 0, 1, 0, 0, 1, 1, 1, 1, 0, 0, 1, 0, 0, 0, 1, 1, 0, 0, 0, 1, 0, 0, 1, 0, 1, 0, 0, 1, 1, 0, 0, 0, 0, 0, 1, 3, 3, 0, 1, 4, 1, 1, 1, 4, 1, 4, 1, 0, 4, 1, 1, 1, 1, 0, 0, 1, 1, 1, 0, 5, 0, 0, 0, 4, 0, 0, 0, 1, 1, 4, 4, 0, 0, 0, 1, 0, 0, 1, 1, 0, 1, 1, 1, 0, 1, 1, 0, 4, 0, 1, 1, 1, 0, 1, 1, 1, 1, 1, 1, 0, 0, 1, 0, 1, 1, 0, 0, 6, 1, 1, 0, 0, 1, 1, 0, 0, 0, 1, 1, 0, 1, 0, 1, 0, 7, 0, 1, 7, 0, 1, 0, 8, 1, 0, 0, 1, 0, 1, 9, 1, 1, 1, 10, 0, 1, 1, 0, 0, 1, 1, 0, 0, 1, 10, 1, 1, 0, 0, 11, 0, 10, 1, 9, 0, 9, 1, 0, 1, 1, 0, 1, 1, 1, 11, 10, 1, 0, 1, 0, 0, 0, 1, 10, 0, 0, 10, 0, 1, 0, 1, 0, 0, 10, 0, 0, 0, 11, 0, 1, 1, 0, 1, 1, 11, 9, 0, 1, 1, 1, 1, 0, 0, 4, 0, 8, 1, 0, 1, 7, 1, 1, 7, 0, 0, 1, 0, 0, 0, 0, 1, 12, 12, 1, 1, 12, 13, 1, 1, 1, 0, 1, 1, 1, 0, 1, 12, 1, 0, 0, 12, 1, 13, 0, 13, 0, 13, 1, 1, 1, 0, 1, 0, 8, 1, 0, 0, 0, 11, 11, 0, 1, 0, 1, 0, 1, 0, 2, 0, 1, 0, 1, 1, 1, 8, 8, 0, 1, 1, 11, 1, 11, 1, 11, 0, 0, 0, 1, 1, 1, 0, 0, 1, 1, 1, 1, 1, 0, 1, 1, 1, 0, 0, 1, 7, 0, 0, 0, 1, 1, 7, 1, 0, 0, 0, 9, 0, 0, 6, 9, 1, 1, 0, 6, 9, 14, 14, 1, 0, 1, 2, 0, 1, 0, 1, 0, 1, 0, 0, 1, 0, 0, 1, 0, 11, 1, 1, 0, 1, 0, 0, 0, 1, 1, 1, 0, 11, 0, 11, 11, 0, 1, 2, 0, 1, 11, 0, 11, 0, 11, 1, 0, 0, 0, 0, 1, 0, 11, 0, 0, 11, 0, 1, 11, 11, 1, 0, 1, 14, 0, 0, 1, 0, 0, 2, 0, 0, 1, 1, 0, 0, 1, 1, 1, 1, 1, 1, 0, 15, 15, 0, 1, 1, 1, 0, 0, 0, 1, 2, 1, 0, 1, 0, 1, 9, 1, 1, 8, 0, 1, 0, 1, 1, 8, 8, 1, 1, 14, 1, 0, 0, 14, 1, 1, 1, 0, 5, 0, 1, 1, 1, 1, 0, 0, 0, 0, 1, 0, 1, 5, 0, 0, 0, 0, 14, 1, 0, 16, 0, 1, 0, 1, 2, 2, 14, 0, 0, 1, 2, 0, 1, 1, 5, 0, 0, 0, 0, 0, 1, 0, 1, 1, 1, 1, 1, 1, 1, 1, 1, 0, 0, 0, 1, 14, 0, 17, 17, 1, 15, 17, 0, 0, 0, 1, 1, 1, 1, 0, 17, 1, 0, 17, 17, 17, 1, 1, 0, 17, 1, 18, 1, 0, 0, 1, 0, 1, 19, 1, 1, 1, 15, 14, 1, 5, 1, 1, 1, 1, 1, 0, 0, 1, 1, 2, 2, 5, 2, 5, 5, 14, 5, 2, 5, 1, 1, 1, 1, 1, 0, 5, 2, 0, 4, 4, 0, 2, 4, 1, 4, 0, 19, 5, 5, 5, 1, 4, 5, 5, 5, 20, 5, 5, 1, 5, 5, 5, 5, 5, 1, 5, 5, 1, 1, 5, 2, 1, 1, 5, 2, 2, 5, 5, 5, 1, 2, 5, 2, 2, 2, 5, 5, 2, 5, 5, 2, 2, 5, 1, 2, 5, 2, 5, 5, 1, 1, 5, 2, 1, 2, 2, 2, 5, 5, 5, 2, 2, 1, 2, 5, 2, 2, 1, 5, 2, 1, 2, 5, 2, 2, 14, 8, 2, 2, 2, 2, 11, 11, 2, 5, 2, 5, 5, 2, 5, 2, 5, 5, 5, 5, 5, 5, 5, 11, 5, 11, 2, 2, 2, 2, 2, 2, 5, 5, 5, 10, 5, 5, 2, 2, 5, 5, 5, 5, 2, 5, 5, 2, 2, 5, 5, 5, 5, 5, 5, 2, 5, 2, 2, 2, 5, 2, 5, 2, 20, 5, 21, 2, 2, 2, 2, 5, 5, 2]"
xerces,19,seed19_solution052,seed19_solution052,0.6648166786484544,10.783089139551054,1.7642013357869883,0.7119557503478551,0.6648166786484544,-10.783089139551054,1.7642013357869883,True,False,"[0, 0, 0, 0, 0, 0, 0, 0, 0, 1, 0, 0, 1, 1, 1, 2, 1, 0, 0, 3, 3, 0, 0, 0, 0, 1, 0, 0, 0, 0, 0, 1, 0, 0, 0, 1, 0, 0, 0, 1, 1, 1, 0, 0, 0, 0, 0, 0, 1, 1, 0, 0, 1, 1, 0, 1, 0, 1, 0, 0, 1, 0, 0, 0, 1, 4, 0, 0, 1, 0, 0, 1, 0, 0, 0, 0, 1, 1, 0, 1, 0, 0, 1, 0, 0, 0, 1, 0, 0, 0, 0, 0, 0, 0, 0, 0, 0, 0, 0, 1, 1, 0, 0, 0, 0, 0, 1, 5, 5, 1, 1, 6, 1, 7, 6, 6, 6, 6, 1, 1, 6, 1, 1, 1, 1, 0, 6, 6, 6, 1, 1, 3, 1, 0, 6, 6, 0, 0, 0, 0, 1, 6, 6, 6, 1, 0, 1, 1, 0, 1, 1, 0, 1, 1, 1, 0, 1, 1, 1, 6, 1, 1, 1, 1, 0, 1, 6, 1, 1, 1, 1, 0, 0, 1, 0, 1, 1, 0, 0, 7, 1, 1, 0, 0, 1, 1, 0, 0, 0, 0, 8, 0, 9, 10, 1, 11, 11, 0, 9, 11, 0, 11, 1, 4, 1, 0, 0, 1, 8, 8, 8, 1, 1, 1, 9, 8, 1, 9, 8, 10, 1, 1, 9, 0, 1, 9, 8, 1, 0, 0, 10, 0, 9, 9, 8, 0, 8, 1, 0, 8, 1, 1, 1, 1, 8, 10, 9, 0, 0, 1, 8, 8, 0, 1, 9, 8, 1, 9, 1, 1, 8, 9, 12, 0, 9, 0, 10, 0, 10, 10, 10, 1, 8, 1, 0, 10, 8, 0, 1, 1, 1, 1, 0, 0, 6, 0, 4, 1, 0, 4, 11, 1, 11, 11, 0, 0, 1, 13, 0, 0, 0, 1, 13, 13, 1, 13, 13, 14, 1, 1, 1, 0, 0, 1, 14, 0, 1, 13, 1, 0, 0, 13, 14, 14, 0, 14, 13, 14, 1, 1, 1, 13, 13, 0, 4, 1, 4, 0, 10, 10, 10, 0, 2, 1, 14, 1, 1, 0, 2, 0, 1, 0, 0, 1, 1, 4, 4, 4, 1, 1, 10, 10, 10, 1, 10, 0, 0, 10, 1, 10, 1, 0, 10, 1, 1, 1, 1, 10, 0, 1, 0, 1, 10, 0, 4, 11, 4, 0, 0, 4, 1, 11, 4, 4, 1, 0, 8, 10, 0, 7, 8, 1, 1, 1, 7, 8, 15, 15, 15, 15, 1, 1, 15, 1, 0, 0, 15, 1, 1, 0, 1, 0, 10, 1, 3, 0, 1, 0, 0, 10, 10, 0, 10, 1, 10, 1, 0, 10, 1, 10, 10, 2, 15, 2, 10, 1, 10, 0, 10, 0, 10, 4, 1, 4, 10, 0, 1, 0, 10, 0, 0, 10, 0, 1, 10, 10, 1, 0, 1, 15, 0, 0, 1, 1, 0, 2, 1, 0, 1, 1, 15, 0, 1, 1, 1, 1, 16, 16, 0, 16, 16, 0, 1, 1, 0, 0, 0, 0, 1, 2, 1, 2, 15, 3, 2, 0, 1, 1, 4, 0, 1, 1, 1, 1, 4, 4, 4, 4, 15, 1, 0, 1, 15, 15, 15, 1, 0, 3, 2, 2, 2, 15, 1, 0, 12, 15, 1, 15, 0, 1, 3, 3, 3, 2, 0, 15, 1, 0, 17, 0, 1, 0, 1, 2, 2, 15, 0, 0, 3, 2, 0, 1, 3, 3, 3, 0, 0, 3, 0, 1, 0, 1, 0, 1, 1, 1, 1, 1, 1, 1, 0, 1, 0, 1, 15, 0, 18, 18, 1, 18, 18, 0, 0, 0, 1, 18, 1, 18, 18, 18, 1, 0, 18, 18, 18, 18, 1, 0, 18, 1, 19, 19, 0, 19, 1, 3, 1, 20, 1, 1, 1, 16, 15, 3, 3, 1, 1, 1, 1, 1, 1, 0, 1, 1, 2, 2, 3, 2, 3, 3, 15, 2, 2, 3, 1, 3, 1, 15, 1, 0, 3, 2, 0, 6, 6, 0, 2, 6, 6, 6, 0, 20, 3, 0, 0, 1, 6, 3, 1, 21, 21, 21, 21, 1, 3, 3, 3, 3, 21, 2, 1, 3, 1, 1, 3, 2, 1, 1, 3, 2, 2, 3, 1, 3, 1, 3, 3, 6, 15, 2, 3, 3, 3, 3, 3, 2, 2, 3, 1, 2, 3, 2, 6, 1, 1, 1, 2, 2, 1, 2, 2, 17, 3, 3, 3, 2, 2, 1, 2, 2, 2, 2, 1, 3, 1, 1, 2, 4, 4, 2, 15, 4, 2, 10, 2, 3, 10, 10, 22, 3, 2, 3, 10, 2, 2, 2, 3, 10, 3, 3, 3, 3, 3, 10, 10, 10, 10, 10, 2, 2, 10, 2, 10, 3, 2, 9, 8, 1, 3, 2, 3, 3, 3, 2, 2, 3, 3, 3, 2, 3, 3, 3, 3, 3, 2, 3, 22, 2, 23, 2, 3, 2, 3, 23, 21, 23, 23, 2, 3, 2, 2, 3, 2, 3]"
xerces,19,seed19_solution053,seed19_solution053,0.6655930984902948,12.810335181502529,2.127326446918431,0.6663681330542895,0.6655930984902948,-12.810335181502529,2.127326446918431,True,False,"[0, 0, 0, 1, 1, 0, 0, 0, 0, 1, 1, 0, 1, 1, 1, 2, 1, 0, 0, 0, 0, 0, 1, 0, 0, 1, 1, 0, 0, 1, 1, 1, 0, 0, 0, 0, 1, 1, 0, 1, 0, 1, 0, 1, 1, 0, 0, 0, 1, 0, 0, 0, 0, 0, 0, 0, 1, 1, 0, 0, 1, 0, 0, 0, 1, 1, 0, 1, 1, 1, 0, 1, 0, 1, 0, 0, 1, 1, 1, 1, 0, 1, 1, 0, 0, 0, 1, 1, 0, 0, 0, 1, 0, 0, 1, 0, 1, 0, 0, 1, 1, 0, 0, 0, 0, 0, 1, 3, 0, 0, 1, 1, 1, 1, 1, 1, 1, 0, 1, 0, 4, 0, 1, 1, 1, 0, 0, 1, 1, 1, 0, 0, 0, 1, 0, 1, 0, 0, 0, 1, 1, 0, 0, 0, 0, 0, 1, 0, 0, 0, 1, 0, 1, 1, 1, 0, 1, 1, 0, 0, 0, 1, 1, 1, 1, 0, 1, 1, 1, 0, 1, 0, 0, 1, 0, 1, 1, 0, 0, 1, 1, 1, 0, 0, 1, 1, 0, 0, 0, 1, 1, 0, 1, 0, 1, 0, 5, 0, 1, 1, 0, 1, 0, 0, 1, 0, 0, 1, 0, 1, 1, 1, 1, 1, 6, 0, 0, 1, 0, 0, 1, 1, 0, 0, 1, 6, 1, 1, 0, 0, 1, 0, 6, 1, 1, 0, 0, 1, 0, 1, 1, 0, 1, 0, 1, 7, 1, 1, 0, 1, 0, 0, 0, 1, 1, 0, 0, 1, 0, 1, 0, 1, 0, 0, 6, 0, 0, 0, 7, 0, 1, 1, 0, 1, 1, 7, 0, 0, 1, 1, 1, 1, 0, 0, 4, 0, 1, 1, 0, 1, 5, 0, 1, 1, 0, 0, 1, 0, 0, 0, 0, 1, 8, 8, 1, 1, 1, 1, 1, 1, 1, 0, 1, 1, 1, 0, 1, 8, 1, 0, 0, 0, 1, 1, 0, 0, 0, 9, 1, 1, 1, 0, 1, 0, 1, 1, 0, 0, 0, 7, 1, 0, 1, 0, 1, 0, 1, 0, 1, 0, 1, 0, 1, 0, 1, 0, 0, 0, 1, 1, 7, 1, 7, 1, 0, 0, 0, 0, 1, 1, 1, 0, 0, 1, 0, 1, 1, 1, 0, 1, 1, 1, 0, 0, 1, 0, 0, 0, 0, 1, 1, 1, 1, 0, 0, 0, 10, 0, 0, 1, 1, 1, 1, 0, 11, 10, 0, 1, 1, 0, 1, 2, 0, 1, 1, 1, 0, 1, 0, 0, 1, 0, 0, 1, 0, 0, 1, 5, 0, 1, 0, 0, 0, 1, 1, 0, 0, 7, 0, 1, 7, 0, 1, 1, 0, 0, 1, 0, 7, 0, 7, 1, 0, 0, 0, 0, 1, 0, 1, 0, 0, 1, 0, 1, 1, 0, 1, 0, 1, 1, 0, 0, 1, 0, 0, 2, 0, 0, 1, 1, 0, 0, 1, 0, 1, 1, 1, 1, 0, 12, 12, 0, 0, 0, 1, 0, 0, 0, 0, 2, 1, 0, 1, 0, 1, 0, 1, 0, 0, 0, 1, 0, 0, 1, 0, 13, 1, 1, 14, 1, 0, 0, 1, 1, 1, 1, 0, 0, 0, 1, 1, 1, 0, 0, 0, 0, 0, 1, 0, 1, 15, 0, 0, 0, 0, 14, 1, 0, 1, 1, 0, 0, 1, 2, 1, 14, 0, 0, 1, 2, 0, 1, 1, 15, 0, 0, 1, 0, 0, 1, 0, 1, 1, 0, 1, 1, 1, 1, 1, 1, 0, 0, 0, 1, 14, 0, 16, 0, 1, 0, 0, 0, 0, 0, 1, 1, 1, 1, 0, 1, 1, 0, 0, 16, 16, 1, 0, 0, 16, 1, 17, 1, 0, 0, 1, 0, 1, 18, 1, 1, 1, 0, 14, 1, 0, 1, 0, 1, 1, 1, 0, 0, 1, 1, 1, 0, 15, 2, 3, 15, 1, 3, 3, 15, 1, 1, 1, 1, 1, 3, 15, 2, 0, 4, 4, 3, 3, 3, 1, 3, 0, 18, 15, 3, 3, 1, 17, 3, 3, 15, 3, 3, 15, 1, 15, 3, 15, 3, 3, 1, 3, 15, 1, 1, 3, 2, 1, 1, 3, 2, 3, 15, 3, 3, 3, 2, 15, 2, 2, 2, 3, 15, 2, 3, 15, 2, 2, 3, 2, 2, 15, 2, 15, 15, 3, 3, 15, 2, 1, 2, 2, 2, 3, 15, 3, 2, 2, 1, 2, 15, 2, 2, 1, 15, 2, 2, 2, 15, 2, 2, 2, 13, 2, 2, 2, 2, 7, 7, 2, 15, 2, 3, 3, 2, 3, 3, 15, 3, 15, 15, 15, 15, 15, 3, 15, 7, 2, 2, 2, 2, 2, 2, 15, 15, 3, 3, 15, 3, 2, 2, 15, 3, 15, 3, 2, 3, 15, 2, 2, 3, 3, 3, 3, 3, 3, 2, 15, 2, 2, 3, 3, 2, 3, 2, 3, 15, 2, 2, 2, 2, 2, 15, 15, 2]"
xerces,19,seed19_solution054,seed19_solution054,0.6699352983465133,0.07717847703196035,0.57364035794842,0.678827066297351,0.6699352983465133,-0.07717847703196035,0.57364035794842,True,False,"[0, 0, 1, 2, 1, 2, 2, 0, 0, 1, 2, 1, 1, 2, 2, 2, 0, 1, 0, 0, 0, 1, 2, 1, 1, 1, 1, 0, 1, 1, 2, 0, 0, 1, 1, 2, 1, 2, 1, 2, 2, 2, 0, 1, 0, 2, 1, 1, 2, 0, 0, 1, 2, 2, 1, 2, 0, 2, 0, 2, 2, 1, 0, 0, 0, 2, 1, 0, 2, 0, 1, 0, 0, 0, 1, 0, 0, 2, 2, 2, 1, 1, 2, 2, 2, 2, 3, 0, 2, 1, 1, 2, 1, 2, 2, 1, 0, 0, 1, 0, 0, 1, 1, 0, 0, 2, 1, 2, 1, 2, 2, 2, 1, 0, 0, 1, 0, 0, 1, 2, 0, 1, 2, 0, 1, 1, 2, 2, 2, 2, 1, 2, 2, 1, 0, 1, 2, 0, 0, 2, 2, 2, 2, 0, 0, 1, 1, 0, 2, 0, 1, 1, 1, 0, 1, 2, 2, 2, 1, 2, 0, 0, 2, 0, 1, 0, 2, 2, 2, 1, 2, 0, 1, 0, 1, 0, 1, 1, 2, 1, 0, 1, 2, 0, 0, 1, 0, 1, 1, 0, 1, 2, 0, 2, 1, 2, 2, 2, 0, 0, 2, 2, 2, 1, 0, 1, 1, 2, 2, 0, 1, 1, 2, 2, 2, 0, 1, 1, 0, 2, 0, 1, 1, 1, 1, 0, 1, 1, 0, 0, 1, 0, 1, 2, 1, 0, 1, 0, 2, 0, 1, 1, 1, 2, 0, 2, 2, 2, 0, 0, 1, 0, 1, 1, 2, 0, 2, 1, 2, 2, 0, 2, 1, 1, 0, 1, 0, 1, 2, 1, 1, 2, 0, 2, 0, 1, 0, 2, 1, 0, 0, 1, 2, 2, 2, 2, 2, 2, 3, 2, 0, 2, 1, 2, 2, 2, 0, 0, 1, 0, 1, 1, 2, 1, 2, 0, 0, 0, 2, 1, 1, 1, 2, 1, 0, 1, 2, 1, 0, 1, 1, 0, 2, 1, 2, 1, 0, 0, 2, 2, 1, 2, 2, 2, 0, 1, 2, 1, 1, 0, 2, 2, 0, 0, 2, 0, 2, 2, 1, 1, 2, 1, 0, 0, 2, 1, 0, 0, 1, 2, 2, 0, 2, 1, 2, 1, 1, 2, 2, 0, 1, 2, 1, 1, 1, 1, 1, 1, 2, 1, 0, 0, 0, 0, 1, 2, 2, 1, 1, 1, 0, 1, 0, 0, 2, 0, 1, 2, 0, 1, 2, 0, 1, 2, 0, 1, 1, 2, 2, 0, 1, 1, 2, 0, 1, 2, 0, 1, 2, 2, 2, 0, 2, 2, 2, 2, 0, 1, 1, 1, 1, 1, 2, 2, 1, 1, 0, 0, 0, 1, 2, 2, 2, 0, 2, 0, 0, 1, 2, 0, 2, 0, 1, 2, 2, 2, 2, 2, 1, 1, 1, 2, 2, 2, 0, 2, 2, 0, 2, 1, 2, 0, 0, 2, 0, 2, 2, 0, 2, 1, 2, 0, 0, 1, 0, 1, 2, 0, 2, 0, 1, 2, 0, 1, 0, 2, 0, 0, 0, 1, 0, 1, 0, 0, 1, 0, 2, 0, 2, 1, 2, 0, 2, 1, 2, 1, 2, 1, 1, 2, 0, 0, 1, 0, 2, 0, 2, 1, 2, 1, 1, 2, 0, 1, 0, 1, 0, 1, 0, 2, 2, 0, 2, 0, 1, 0, 0, 2, 0, 2, 2, 1, 1, 1, 1, 2, 1, 0, 0, 1, 0, 0, 1, 0, 0, 0, 0, 1, 2, 1, 0, 0, 1, 0, 2, 2, 0, 2, 2, 1, 1, 2, 0, 0, 1, 1, 2, 0, 0, 1, 1, 0, 1, 0, 2, 1, 2, 2, 2, 2, 0, 2, 0, 0, 2, 2, 1, 0, 1, 1, 1, 1, 2, 2, 0, 1, 1, 1, 0, 0, 0, 2, 2, 2, 1, 0, 2, 2, 2, 0, 2, 0, 1, 1, 0, 0, 0, 1, 0, 1, 0, 2, 0, 2, 2, 0, 0, 2, 2, 1, 1, 1, 1, 1, 0, 0, 2, 1, 0, 2, 2, 0, 0, 1, 0, 0, 1, 1, 0, 2, 1, 0, 1, 1, 1, 2, 0, 1, 1, 1, 0, 0, 0, 1, 2, 2, 1, 2, 1, 2, 1, 2, 2, 1, 1, 1, 1, 1, 0, 2, 0, 2, 1, 1, 1, 2, 0, 2, 1, 0, 1, 0, 1, 0, 0, 2, 2, 2, 1, 2, 1, 2, 2, 0, 0, 2, 2, 2, 2, 0, 1, 1, 2, 0, 1, 2, 0, 1, 1, 0, 2, 2, 0, 2, 2, 2, 0, 1, 2, 1, 0, 1, 2, 1, 1, 2, 0, 2, 0, 1, 2, 1, 0, 2, 0, 0, 1, 0, 2, 1, 2, 0, 1, 0, 1, 1, 0, 2, 0, 1, 0, 2, 1, 2, 0, 1, 1, 2, 2, 1, 2, 1, 0, 1, 0, 2, 0, 1, 1, 2, 0, 1, 2, 2, 1, 0, 1, 1, 0, 1, 2, 0, 1, 1]"
xerces,19,seed19_solution055,seed19_solution055,0.6715168943206327,11.407254049143038,1.9342735262464583,0.7119483973503534,0.6715168943206327,-11.407254049143038,1.9342735262464583,True,False,"[0, 0, 0, 1, 0, 0, 0, 0, 0, 1, 0, 0, 1, 1, 1, 0, 1, 0, 0, 0, 0, 0, 1, 0, 1, 1, 2, 0, 0, 0, 1, 0, 0, 0, 0, 0, 1, 1, 0, 0, 0, 1, 0, 0, 1, 0, 0, 0, 1, 0, 1, 0, 0, 0, 1, 0, 1, 0, 0, 0, 1, 1, 0, 0, 0, 1, 0, 1, 3, 1, 0, 1, 0, 0, 0, 0, 0, 1, 1, 1, 0, 1, 1, 0, 1, 1, 1, 1, 0, 0, 0, 0, 1, 0, 0, 0, 0, 0, 0, 1, 0, 0, 0, 0, 0, 1, 1, 0, 0, 0, 1, 1, 1, 4, 1, 1, 1, 0, 1, 0, 1, 1, 1, 1, 0, 0, 0, 1, 1, 1, 1, 0, 0, 1, 0, 1, 1, 0, 1, 1, 1, 1, 0, 0, 1, 0, 1, 5, 0, 0, 1, 1, 1, 5, 1, 0, 1, 1, 2, 1, 0, 5, 1, 1, 5, 0, 1, 1, 1, 1, 1, 5, 0, 1, 5, 0, 6, 0, 0, 6, 1, 1, 6, 0, 1, 1, 0, 7, 0, 7, 1, 8, 1, 0, 1, 8, 1, 0, 1, 1, 0, 1, 0, 0, 9, 0, 0, 1, 9, 1, 9, 1, 1, 1, 1, 0, 0, 1, 9, 0, 9, 9, 0, 0, 9, 1, 9, 1, 0, 0, 1, 0, 1, 1, 9, 0, 9, 1, 9, 1, 9, 0, 7, 0, 1, 0, 9, 1, 0, 9, 0, 0, 0, 1, 1, 0, 0, 1, 5, 1, 0, 1, 0, 0, 1, 0, 0, 0, 0, 0, 7, 1, 0, 7, 10, 0, 0, 9, 1, 1, 1, 0, 1, 0, 0, 5, 3, 3, 1, 1, 1, 0, 11, 1, 0, 11, 11, 11, 11, 0, 12, 1, 0, 0, 1, 12, 1, 1, 1, 1, 1, 0, 1, 12, 12, 12, 1, 12, 12, 0, 0, 0, 1, 1, 0, 0, 12, 1, 12, 12, 1, 0, 1, 0, 1, 1, 3, 0, 0, 1, 1, 7, 1, 0, 1, 0, 1, 0, 2, 2, 3, 0, 1, 0, 1, 0, 0, 0, 1, 3, 7, 1, 7, 1, 0, 0, 0, 0, 7, 1, 7, 7, 0, 1, 2, 1, 1, 1, 0, 1, 1, 1, 0, 3, 1, 0, 0, 0, 0, 3, 1, 11, 1, 0, 0, 6, 6, 0, 6, 1, 6, 1, 1, 0, 1, 6, 0, 1, 1, 0, 13, 5, 0, 1, 1, 1, 0, 1, 13, 0, 13, 0, 0, 1, 0, 0, 1, 7, 0, 1, 7, 7, 7, 1, 7, 7, 7, 0, 0, 1, 7, 2, 1, 1, 0, 0, 1, 0, 1, 0, 0, 1, 0, 0, 7, 0, 1, 0, 1, 2, 0, 7, 7, 1, 1, 0, 1, 1, 1, 1, 0, 1, 1, 0, 0, 0, 0, 0, 1, 0, 0, 5, 1, 0, 5, 1, 10, 1, 0, 1, 1, 0, 0, 0, 1, 0, 5, 0, 0, 0, 1, 0, 1, 0, 1, 2, 1, 0, 0, 1, 1, 0, 5, 1, 0, 1, 1, 3, 1, 1, 0, 0, 1, 1, 1, 13, 2, 0, 0, 1, 1, 1, 0, 0, 0, 0, 0, 1, 0, 1, 0, 2, 0, 2, 0, 0, 1, 1, 1, 5, 0, 0, 1, 1, 1, 0, 1, 2, 1, 0, 0, 1, 1, 1, 0, 0, 2, 0, 0, 1, 0, 1, 1, 0, 1, 1, 1, 1, 0, 0, 0, 13, 0, 1, 0, 0, 14, 0, 14, 14, 0, 0, 0, 0, 0, 1, 0, 14, 0, 1, 14, 0, 0, 14, 0, 1, 0, 14, 14, 1, 1, 1, 15, 15, 1, 0, 13, 16, 0, 7, 1, 0, 1, 1, 0, 1, 0, 1, 1, 1, 0, 0, 1, 1, 17, 0, 2, 5, 2, 1, 13, 2, 2, 2, 1, 1, 1, 1, 1, 2, 2, 5, 2, 1, 2, 2, 2, 2, 1, 2, 2, 16, 5, 2, 2, 1, 5, 2, 2, 2, 2, 5, 5, 1, 18, 2, 2, 2, 18, 1, 5, 5, 2, 3, 5, 2, 5, 1, 5, 19, 2, 5, 5, 5, 2, 19, 5, 17, 19, 17, 5, 2, 17, 2, 2, 2, 2, 5, 17, 17, 5, 19, 2, 2, 2, 2, 2, 17, 5, 17, 19, 19, 5, 17, 5, 17, 17, 19, 19, 2, 19, 19, 19, 5, 19, 5, 19, 2, 19, 19, 19, 19, 2, 19, 19, 17, 17, 7, 19, 5, 19, 2, 2, 3, 2, 2, 2, 2, 19, 2, 7, 2, 17, 7, 5, 19, 19, 17, 19, 17, 19, 2, 2, 9, 5, 2, 5, 5, 17, 19, 7, 2, 17, 5, 19, 17, 17, 19, 19, 5, 2, 2, 20, 2, 2, 19, 5, 19, 19, 2, 2, 19, 5, 20, 20, 20, 19, 17, 17, 17, 17, 2, 17, 19]"
xerces,19,seed19_solution056,seed19_solution056,0.672609633357297,13.806937514708997,1.8862275202371421,0.7196988558442277,0.672609633357297,-13.806937514708997,1.8862275202371421,True,False,"[0, 0, 1, 2, 1, 1, 2, 3, 0, 1, 1, 3, 2, 1, 1, 2, 1, 0, 0, 0, 1, 0, 1, 0, 0, 1, 2, 0, 1, 1, 1, 1, 0, 2, 0, 0, 1, 1, 1, 1, 2, 1, 0, 1, 1, 0, 3, 0, 1, 3, 2, 0, 0, 0, 0, 2, 1, 1, 0, 0, 1, 0, 0, 1, 1, 1, 0, 2, 1, 1, 0, 1, 0, 0, 0, 0, 1, 2, 2, 1, 1, 1, 1, 3, 3, 0, 1, 1, 2, 3, 0, 1, 0, 0, 1, 0, 1, 0, 0, 1, 3, 1, 0, 0, 0, 0, 1, 0, 1, 0, 1, 2, 1, 1, 1, 1, 1, 0, 1, 0, 4, 1, 1, 1, 1, 1, 0, 3, 1, 1, 1, 0, 0, 1, 0, 4, 1, 0, 0, 1, 1, 0, 0, 0, 0, 0, 1, 0, 0, 0, 1, 0, 1, 1, 1, 1, 1, 1, 0, 0, 0, 1, 1, 1, 1, 2, 1, 1, 1, 0, 1, 0, 3, 1, 1, 1, 1, 2, 0, 1, 1, 1, 2, 0, 1, 1, 0, 0, 0, 1, 0, 0, 1, 3, 1, 0, 2, 0, 1, 1, 0, 1, 0, 0, 3, 0, 0, 2, 1, 0, 1, 1, 1, 2, 0, 0, 0, 1, 0, 2, 1, 1, 1, 0, 1, 5, 1, 1, 0, 0, 1, 0, 5, 1, 1, 0, 1, 1, 0, 3, 1, 1, 2, 2, 1, 2, 1, 1, 0, 1, 0, 0, 1, 1, 1, 0, 0, 0, 0, 3, 0, 1, 0, 0, 5, 0, 0, 1, 2, 1, 1, 1, 3, 1, 1, 6, 0, 2, 1, 1, 1, 1, 1, 0, 2, 2, 1, 1, 0, 1, 4, 0, 1, 1, 0, 0, 0, 0, 0, 0, 0, 1, 7, 7, 2, 1, 0, 1, 1, 1, 3, 0, 1, 1, 1, 1, 1, 7, 1, 0, 1, 6, 1, 1, 0, 0, 0, 0, 2, 0, 1, 0, 1, 0, 1, 1, 2, 0, 1, 6, 3, 0, 1, 0, 1, 0, 1, 2, 2, 0, 1, 3, 0, 0, 1, 0, 0, 0, 1, 1, 0, 1, 6, 1, 0, 2, 0, 1, 1, 1, 1, 0, 0, 1, 0, 1, 1, 1, 3, 1, 1, 1, 0, 0, 1, 0, 0, 0, 1, 1, 1, 1, 1, 0, 0, 0, 8, 0, 0, 1, 2, 1, 1, 0, 1, 3, 1, 1, 2, 1, 1, 2, 0, 1, 1, 1, 0, 1, 3, 0, 1, 1, 0, 2, 0, 0, 0, 1, 1, 5, 0, 0, 0, 1, 1, 1, 0, 4, 0, 1, 2, 0, 0, 1, 0, 0, 1, 1, 2, 0, 5, 1, 0, 2, 0, 5, 1, 0, 1, 0, 0, 1, 1, 2, 1, 3, 5, 0, 1, 1, 0, 0, 0, 0, 3, 3, 0, 0, 1, 1, 0, 2, 0, 0, 1, 2, 1, 1, 0, 9, 1, 2, 0, 0, 1, 0, 0, 0, 0, 2, 1, 0, 1, 0, 1, 0, 1, 2, 2, 1, 3, 0, 0, 1, 0, 10, 11, 0, 0, 1, 3, 0, 1, 1, 2, 1, 0, 0, 2, 1, 1, 2, 0, 2, 0, 0, 0, 0, 2, 1, 12, 3, 0, 0, 0, 8, 1, 0, 0, 1, 2, 0, 1, 2, 1, 13, 0, 0, 1, 2, 3, 1, 1, 14, 0, 0, 1, 0, 0, 1, 0, 1, 1, 0, 2, 1, 0, 1, 1, 1, 0, 0, 0, 1, 8, 0, 2, 0, 1, 0, 2, 0, 0, 0, 0, 1, 1, 1, 0, 1, 2, 5, 0, 0, 15, 1, 0, 3, 1, 1, 1, 1, 0, 0, 1, 0, 2, 16, 0, 1, 1, 0, 13, 1, 0, 1, 2, 1, 1, 1, 1, 0, 1, 1, 1, 1, 2, 2, 3, 1, 1, 3, 0, 14, 1, 3, 1, 1, 1, 3, 14, 2, 0, 3, 3, 3, 3, 3, 0, 3, 0, 16, 7, 3, 0, 1, 4, 0, 0, 2, 3, 9, 12, 1, 14, 3, 14, 0, 1, 1, 3, 0, 1, 2, 3, 2, 1, 1, 3, 2, 1, 7, 9, 9, 1, 2, 3, 1, 1, 2, 3, 12, 1, 3, 14, 2, 2, 3, 2, 2, 1, 2, 3, 7, 3, 3, 14, 2, 1, 2, 2, 2, 1, 3, 1, 2, 2, 1, 2, 14, 2, 1, 1, 7, 2, 0, 2, 12, 1, 2, 2, 0, 0, 2, 2, 2, 6, 6, 2, 12, 2, 3, 3, 2, 3, 3, 14, 3, 14, 2, 14, 14, 14, 0, 14, 6, 2, 2, 2, 2, 2, 0, 7, 7, 3, 3, 14, 3, 2, 2, 7, 3, 7, 2, 2, 9, 14, 2, 2, 1, 3, 3, 9, 1, 0, 2, 0, 2, 2, 0, 3, 2, 0, 2, 1, 14, 2, 1, 2, 1, 2, 14, 14, 2]"
xerces,19,seed19_solution057,seed19_solution057,0.6790510424155284,10.107836834892584,1.2611269698868064,0.7599496333537814,0.6790510424155284,-10.107836834892584,1.2611269698868064,True,False,"[0, 1, 0, 0, 0, 0, 2, 0, 0, 1, 0, 3, 0, 0, 1, 2, 0, 0, 0, 4, 2, 0, 0, 5, 1, 6, 7, 0, 0, 1, 0, 0, 0, 7, 0, 0, 6, 2, 0, 0, 0, 0, 0, 3, 3, 0, 0, 0, 0, 0, 8, 9, 0, 0, 0, 0, 0, 7, 0, 0, 0, 8, 0, 0, 0, 1, 0, 0, 0, 0, 0, 8, 0, 0, 0, 0, 8, 7, 0, 9, 0, 1, 7, 10, 0, 0, 1, 0, 0, 0, 7, 0, 0, 1, 0, 2, 1, 0, 1, 0, 9, 0, 0, 0, 0, 0, 9, 0, 0, 4, 1, 5, 1, 8, 5, 2, 5, 5, 5, 1, 5, 1, 7, 3, 5, 5, 6, 2, 7, 5, 10, 0, 5, 5, 5, 5, 5, 6, 5, 6, 5, 7, 5, 5, 5, 5, 8, 11, 5, 8, 1, 1, 1, 1, 7, 6, 12, 11, 1, 5, 1, 0, 1, 1, 1, 6, 7, 8, 1, 5, 1, 1, 1, 4, 1, 0, 1, 8, 5, 8, 8, 4, 8, 1, 10, 1, 1, 10, 0, 1, 1, 13, 14, 11, 1, 11, 13, 13, 0, 3, 0, 13, 13, 1, 11, 8, 10, 3, 11, 11, 1, 11, 11, 1, 11, 1, 9, 9, 0, 10, 11, 11, 11, 2, 1, 11, 5, 11, 11, 10, 10, 11, 11, 1, 11, 11, 11, 11, 7, 1, 11, 9, 10, 0, 15, 10, 11, 1, 2, 11, 11, 11, 10, 11, 11, 11, 11, 1, 1, 4, 11, 11, 11, 11, 1, 1, 10, 7, 10, 10, 10, 10, 11, 11, 10, 1, 8, 0, 11, 1, 1, 5, 1, 5, 5, 7, 9, 3, 0, 4, 14, 1, 1, 14, 7, 14, 4, 14, 9, 5, 15, 15, 5, 15, 7, 1, 3, 1, 1, 1, 15, 15, 7, 15, 14, 0, 5, 15, 15, 0, 1, 0, 0, 1, 0, 11, 15, 15, 8, 0, 15, 0, 1, 3, 6, 7, 3, 10, 1, 1, 10, 10, 2, 1, 12, 6, 10, 7, 7, 1, 3, 3, 1, 3, 1, 3, 14, 1, 3, 3, 8, 10, 8, 11, 10, 10, 10, 0, 1, 0, 10, 10, 10, 0, 7, 10, 1, 10, 10, 1, 16, 1, 0, 3, 3, 14, 3, 3, 3, 11, 0, 14, 1, 0, 3, 8, 8, 10, 0, 8, 7, 1, 3, 7, 3, 9, 16, 16, 4, 9, 16, 7, 6, 9, 16, 9, 0, 16, 7, 3, 16, 10, 0, 1, 9, 10, 16, 1, 11, 10, 2, 10, 0, 7, 1, 10, 10, 10, 10, 10, 10, 7, 16, 0, 10, 11, 10, 7, 10, 10, 10, 3, 10, 7, 0, 10, 10, 5, 13, 0, 10, 10, 10, 7, 10, 10, 10, 10, 10, 16, 9, 8, 16, 0, 1, 7, 9, 3, 4, 11, 9, 16, 0, 1, 1, 1, 7, 17, 17, 0, 1, 17, 2, 0, 7, 6, 1, 9, 2, 2, 1, 7, 1, 7, 2, 7, 7, 7, 3, 1, 1, 1, 11, 1, 11, 3, 4, 1, 16, 3, 16, 0, 16, 16, 7, 16, 7, 1, 7, 7, 3, 1, 1, 0, 9, 0, 4, 6, 1, 3, 2, 9, 7, 0, 16, 12, 1, 0, 18, 9, 1, 1, 1, 7, 7, 16, 7, 7, 7, 7, 1, 1, 1, 7, 0, 7, 1, 7, 7, 2, 0, 2, 1, 1, 1, 8, 0, 2, 1, 14, 19, 13, 7, 0, 16, 1, 20, 0, 0, 20, 0, 0, 11, 20, 20, 1, 20, 1, 20, 20, 7, 20, 0, 20, 7, 7, 20, 20, 1, 1, 9, 19, 19, 19, 19, 1, 16, 21, 0, 0, 10, 17, 16, 1, 0, 16, 1, 0, 1, 1, 1, 0, 16, 4, 2, 9, 12, 7, 9, 2, 0, 2, 0, 2, 2, 1, 7, 4, 10, 10, 2, 7, 11, 3, 14, 5, 7, 5, 5, 7, 7, 21, 0, 2, 0, 7, 5, 1, 1, 1, 22, 22, 1, 1, 14, 22, 16, 23, 8, 22, 8, 8, 4, 1, 1, 7, 1, 10, 1, 1, 1, 4, 1, 4, 11, 7, 1, 1, 7, 10, 2, 7, 3, 7, 2, 7, 1, 1, 1, 0, 1, 1, 10, 1, 1, 1, 5, 7, 0, 7, 16, 0, 7, 2, 2, 1, 2, 1, 0, 0, 1, 1, 1, 2, 1, 12, 4, 11, 3, 7, 10, 3, 3, 10, 10, 10, 6, 10, 23, 16, 7, 10, 10, 7, 2, 11, 10, 7, 10, 16, 16, 10, 16, 7, 10, 0, 10, 10, 7, 1, 10, 11, 16, 3, 1, 2, 11, 8, 7, 2, 2, 2, 2, 2, 5, 2, 1, 2, 7, 2, 24, 13, 25, 1, 2, 7, 2, 14, 25, 7, 1, 7, 3, 0, 24, 4, 5, 2, 2, 4, 7, 11, 2, 2]"
xerces,19,seed19_solution058,seed19_solution058,0.6928540618260245,14.62941517781311,1.8140824694948745,0.7166534083096145,0.6928540618260245,-14.62941517781311,1.8140824694948745,True,False,"[0, 0, 0, 1, 2, 1, 3, 0, 0, 2, 2, 2, 2, 1, 1, 1, 0, 2, 0, 0, 0, 2, 1, 4, 0, 2, 2, 0, 2, 2, 3, 0, 0, 2, 2, 1, 0, 1, 2, 1, 1, 2, 0, 2, 0, 0, 0, 2, 1, 0, 0, 0, 0, 1, 0, 1, 0, 2, 0, 2, 1, 0, 0, 0, 0, 1, 0, 2, 2, 0, 2, 0, 0, 2, 1, 0, 0, 2, 1, 2, 0, 0, 1, 1, 0, 0, 3, 0, 0, 0, 0, 1, 2, 0, 1, 0, 0, 0, 2, 2, 2, 2, 0, 0, 0, 1, 4, 1, 2, 0, 2, 1, 2, 0, 2, 2, 0, 0, 2, 1, 0, 2, 1, 2, 2, 2, 1, 1, 1, 1, 2, 0, 2, 2, 0, 1, 1, 0, 0, 1, 1, 1, 1, 0, 1, 0, 2, 0, 1, 0, 2, 0, 2, 2, 2, 0, 1, 2, 2, 5, 0, 0, 2, 0, 2, 0, 2, 2, 1, 0, 2, 1, 0, 2, 2, 0, 2, 0, 2, 2, 0, 2, 1, 0, 0, 2, 0, 2, 2, 0, 2, 1, 0, 0, 2, 1, 0, 0, 0, 0, 0, 2, 1, 0, 0, 2, 2, 1, 1, 0, 2, 2, 4, 1, 1, 0, 0, 2, 0, 1, 0, 2, 2, 2, 2, 0, 2, 2, 6, 0, 2, 0, 2, 1, 2, 0, 2, 0, 1, 0, 2, 2, 2, 0, 0, 1, 2, 1, 0, 2, 2, 0, 0, 2, 1, 0, 0, 2, 1, 2, 0, 1, 2, 0, 0, 0, 0, 0, 4, 0, 2, 2, 0, 2, 0, 2, 0, 1, 2, 0, 0, 2, 1, 1, 1, 1, 2, 1, 0, 1, 0, 1, 2, 1, 0, 0, 0, 0, 0, 0, 0, 2, 1, 2, 1, 0, 0, 0, 2, 2, 2, 2, 1, 2, 0, 0, 2, 6, 2, 2, 0, 7, 2, 2, 0, 2, 0, 8, 0, 1, 2, 0, 1, 1, 2, 2, 1, 0, 2, 4, 1, 1, 2, 4, 2, 0, 1, 0, 2, 0, 1, 2, 2, 0, 2, 2, 0, 0, 2, 1, 1, 2, 9, 2, 0, 2, 2, 0, 1, 0, 2, 1, 2, 2, 2, 2, 2, 2, 0, 2, 4, 2, 0, 0, 2, 1, 0, 0, 0, 2, 0, 2, 2, 0, 0, 0, 9, 1, 0, 2, 2, 0, 2, 1, 0, 0, 2, 2, 1, 0, 2, 2, 0, 0, 2, 2, 0, 2, 1, 1, 1, 0, 1, 2, 1, 0, 0, 2, 0, 6, 2, 0, 0, 1, 2, 2, 0, 4, 0, 2, 2, 0, 1, 0, 1, 0, 4, 2, 1, 3, 9, 2, 2, 1, 1, 1, 2, 0, 2, 2, 2, 1, 1, 1, 0, 8, 2, 0, 1, 2, 0, 0, 0, 1, 0, 1, 1, 0, 2, 2, 1, 0, 2, 2, 2, 2, 1, 2, 0, 0, 2, 0, 0, 2, 0, 0, 0, 0, 0, 2, 2, 2, 2, 0, 2, 0, 1, 0, 2, 2, 3, 1, 0, 2, 1, 2, 1, 2, 10, 1, 0, 0, 2, 2, 2, 0, 0, 2, 0, 2, 2, 2, 0, 0, 0, 2, 0, 2, 0, 1, 1, 0, 1, 0, 0, 0, 0, 0, 2, 1, 1, 2, 2, 2, 2, 11, 0, 0, 1, 1, 0, 5, 2, 0, 0, 0, 2, 2, 1, 2, 0, 0, 2, 0, 1, 8, 2, 2, 2, 2, 2, 0, 0, 0, 2, 2, 2, 0, 0, 2, 2, 0, 0, 0, 1, 2, 1, 2, 0, 1, 0, 1, 0, 12, 4, 1, 2, 0, 2, 2, 2, 2, 0, 1, 0, 2, 2, 13, 0, 0, 2, 1, 1, 1, 2, 0, 1, 1, 1, 2, 1, 0, 2, 3, 0, 0, 0, 2, 3, 2, 0, 3, 0, 1, 1, 0, 0, 1, 1, 3, 2, 2, 2, 10, 0, 3, 1, 3, 0, 1, 1, 13, 0, 3, 3, 0, 2, 2, 0, 14, 3, 3, 14, 2, 2, 1, 0, 2, 3, 2, 0, 0, 0, 2, 1, 1, 2, 2, 2, 1, 2, 14, 1, 2, 2, 2, 2, 2, 0, 1, 0, 1, 2, 2, 14, 1, 1, 1, 1, 1, 2, 0, 1, 14, 0, 3, 1, 1, 2, 1, 2, 1, 1, 0, 3, 1, 1, 1, 1, 0, 2, 0, 1, 0, 1, 1, 0, 2, 2, 0, 1, 11, 1, 1, 1, 1, 4, 2, 1, 2, 3, 2, 3, 1, 3, 3, 14, 1, 14, 14, 1, 2, 14, 1, 8, 4, 2, 0, 1, 1, 1, 0, 14, 0, 2, 3, 0, 1, 1, 2, 14, 1, 2, 1, 0, 3, 14, 1, 1, 2, 1, 2, 0, 2, 0, 1, 0, 2, 2, 3, 3, 1, 1, 1, 2, 14, 1, 1, 0, 2, 1, 0, 2, 1]"
xerces,19,seed19_solution059,seed19_solution059,0.6951833213515457,14.86492421567883,1.6367186826604971,0.7339845714363796,0.6951833213515457,-14.86492421567883,1.6367186826604971,True,False,"[0, 0, 1, 1, 1, 0, 2, 0, 2, 1, 1, 1, 1, 1, 1, 2, 1, 2, 0, 2, 0, 0, 3, 0, 1, 1, 1, 0, 2, 1, 2, 0, 0, 0, 0, 0, 0, 1, 1, 1, 0, 1, 0, 3, 1, 3, 1, 0, 3, 0, 2, 0, 2, 3, 0, 3, 1, 2, 0, 1, 1, 1, 1, 0, 0, 1, 0, 1, 1, 1, 3, 0, 0, 1, 2, 0, 4, 2, 3, 1, 0, 0, 3, 0, 0, 0, 1, 1, 3, 5, 0, 1, 0, 0, 0, 0, 1, 0, 0, 1, 1, 0, 0, 1, 0, 3, 1, 5, 0, 3, 1, 3, 1, 2, 1, 1, 0, 0, 1, 0, 0, 1, 3, 1, 1, 0, 0, 1, 1, 1, 0, 0, 1, 1, 0, 3, 0, 5, 0, 1, 1, 3, 0, 0, 0, 0, 1, 0, 0, 4, 1, 1, 1, 0, 1, 0, 2, 1, 1, 0, 6, 0, 1, 1, 1, 0, 2, 1, 3, 0, 1, 0, 0, 1, 1, 0, 1, 0, 1, 1, 0, 1, 3, 0, 0, 1, 0, 2, 7, 1, 2, 3, 3, 3, 1, 3, 0, 3, 1, 3, 0, 1, 0, 0, 0, 1, 0, 1, 0, 0, 1, 1, 6, 3, 2, 0, 1, 1, 0, 0, 1, 1, 4, 1, 1, 0, 1, 1, 0, 0, 1, 0, 4, 1, 1, 3, 1, 1, 2, 1, 4, 1, 3, 0, 1, 7, 1, 1, 0, 1, 2, 0, 0, 1, 3, 0, 0, 1, 0, 1, 1, 1, 0, 1, 0, 1, 0, 1, 7, 2, 1, 1, 0, 3, 1, 1, 0, 0, 8, 1, 1, 1, 1, 2, 6, 0, 1, 8, 0, 3, 6, 0, 1, 2, 0, 0, 1, 0, 0, 0, 0, 1, 8, 8, 2, 1, 1, 1, 3, 1, 1, 0, 2, 1, 1, 0, 1, 1, 1, 0, 0, 0, 1, 1, 0, 0, 0, 9, 0, 1, 0, 0, 1, 0, 1, 1, 0, 1, 1, 1, 3, 3, 1, 0, 1, 0, 1, 3, 1, 1, 3, 1, 0, 0, 1, 0, 0, 0, 1, 1, 7, 1, 7, 6, 0, 0, 0, 0, 1, 0, 1, 2, 10, 0, 0, 1, 1, 1, 8, 1, 1, 1, 0, 0, 1, 3, 3, 1, 1, 1, 0, 1, 1, 0, 3, 0, 11, 0, 0, 1, 3, 0, 1, 2, 3, 11, 1, 1, 3, 0, 1, 3, 0, 0, 1, 1, 0, 1, 0, 2, 1, 0, 0, 1, 3, 2, 0, 6, 0, 8, 1, 1, 4, 3, 1, 2, 0, 0, 0, 1, 1, 0, 0, 0, 0, 0, 6, 1, 3, 3, 7, 1, 1, 0, 0, 0, 1, 8, 1, 0, 1, 3, 0, 2, 0, 0, 1, 0, 1, 1, 0, 0, 0, 0, 0, 2, 0, 5, 1, 1, 0, 0, 0, 2, 1, 1, 2, 1, 0, 0, 1, 3, 0, 0, 0, 2, 0, 0, 0, 2, 1, 1, 1, 0, 1, 0, 2, 3, 1, 1, 1, 3, 0, 1, 2, 1, 3, 1, 10, 0, 0, 3, 1, 0, 3, 1, 0, 1, 2, 1, 1, 1, 0, 3, 0, 0, 0, 1, 0, 3, 12, 0, 0, 0, 1, 10, 1, 0, 1, 1, 0, 1, 4, 1, 1, 13, 0, 0, 1, 2, 5, 1, 1, 0, 0, 0, 1, 0, 0, 1, 0, 1, 1, 0, 3, 4, 0, 1, 1, 1, 1, 2, 0, 0, 0, 1, 1, 0, 1, 0, 0, 0, 1, 0, 0, 1, 0, 1, 3, 2, 2, 0, 0, 0, 2, 3, 2, 0, 1, 1, 1, 1, 0, 2, 1, 1, 1, 14, 0, 0, 6, 0, 13, 6, 3, 0, 2, 1, 1, 1, 0, 0, 1, 1, 0, 0, 0, 3, 0, 1, 1, 5, 0, 2, 3, 3, 0, 1, 1, 2, 13, 2, 1, 3, 0, 5, 5, 1, 0, 0, 2, 14, 12, 1, 0, 1, 1, 1, 5, 3, 2, 0, 0, 1, 12, 6, 7, 1, 1, 1, 5, 3, 1, 1, 3, 2, 1, 1, 2, 2, 5, 13, 5, 5, 1, 2, 1, 1, 3, 3, 5, 2, 1, 1, 12, 3, 0, 3, 2, 0, 1, 2, 3, 6, 5, 5, 12, 3, 1, 3, 1, 1, 5, 13, 0, 2, 10, 3, 3, 12, 3, 1, 1, 12, 2, 2, 2, 12, 2, 6, 2, 10, 2, 3, 2, 2, 7, 1, 2, 12, 2, 5, 2, 3, 2, 5, 13, 3, 13, 13, 3, 12, 12, 2, 4, 0, 2, 2, 2, 2, 2, 0, 12, 13, 5, 5, 12, 6, 2, 1, 12, 2, 12, 3, 2, 2, 12, 2, 2, 2, 5, 5, 3, 1, 9, 3, 13, 1, 6, 3, 0, 2, 5, 1, 5, 13, 1, 1, 3, 1, 2, 12, 1, 1]"
xerces,19,seed19_solution061,seed19_solution061,0.7159741193386053,16.876086765461146,1.5198998134000725,0.7489737326229409,0.7159741193386053,-16.876086765461146,1.5198998134000725,True,False,"[0, 0, 1, 1, 0, 1, 2, 0, 0, 2, 1, 1, 2, 0, 3, 1, 1, 3, 0, 2, 2, 0, 3, 4, 1, 1, 3, 0, 3, 0, 1, 0, 0, 2, 3, 2, 0, 1, 1, 1, 3, 1, 0, 3, 1, 0, 3, 3, 1, 0, 2, 0, 3, 1, 3, 1, 3, 0, 0, 3, 1, 0, 0, 0, 1, 1, 3, 3, 2, 0, 0, 0, 0, 3, 1, 0, 0, 3, 2, 3, 0, 3, 2, 1, 1, 0, 1, 3, 2, 2, 1, 1, 3, 0, 0, 0, 0, 0, 3, 3, 3, 3, 2, 1, 3, 1, 0, 1, 1, 0, 1, 3, 3, 3, 1, 1, 1, 1, 1, 1, 1, 3, 2, 1, 3, 3, 1, 1, 3, 1, 1, 0, 0, 0, 0, 1, 1, 3, 0, 1, 1, 3, 0, 0, 2, 0, 1, 0, 2, 0, 3, 0, 3, 0, 1, 0, 1, 3, 3, 0, 0, 0, 1, 0, 3, 0, 1, 3, 1, 0, 1, 3, 2, 3, 1, 0, 3, 0, 0, 3, 0, 3, 3, 2, 0, 0, 0, 1, 3, 2, 3, 1, 0, 2, 1, 1, 3, 0, 1, 1, 0, 3, 2, 0, 1, 3, 1, 1, 1, 0, 3, 1, 2, 2, 0, 0, 0, 3, 0, 3, 1, 2, 3, 0, 3, 0, 3, 3, 0, 0, 1, 0, 3, 1, 5, 2, 3, 0, 1, 2, 3, 1, 3, 0, 0, 3, 3, 2, 1, 3, 2, 0, 0, 3, 2, 0, 0, 3, 1, 2, 3, 1, 0, 0, 0, 2, 0, 0, 4, 1, 1, 0, 0, 3, 3, 1, 1, 1, 1, 0, 0, 3, 3, 1, 0, 3, 3, 3, 0, 1, 0, 1, 1, 2, 0, 0, 0, 0, 0, 0, 0, 1, 3, 3, 1, 1, 1, 0, 3, 1, 3, 3, 3, 1, 1, 1, 3, 6, 3, 3, 1, 7, 3, 0, 0, 0, 2, 2, 3, 1, 3, 0, 1, 1, 1, 1, 2, 1, 3, 3, 1, 1, 1, 0, 3, 3, 2, 3, 3, 0, 1, 3, 0, 0, 3, 3, 2, 0, 1, 1, 1, 3, 8, 1, 0, 3, 3, 1, 1, 1, 3, 3, 3, 3, 1, 3, 0, 3, 0, 1, 3, 0, 0, 0, 3, 2, 3, 0, 0, 3, 3, 1, 2, 3, 0, 0, 2, 3, 0, 3, 3, 0, 3, 1, 0, 0, 1, 0, 1, 0, 3, 1, 0, 0, 3, 1, 3, 3, 1, 1, 1, 0, 1, 3, 0, 0, 0, 3, 1, 6, 0, 0, 0, 1, 1, 3, 0, 4, 0, 1, 3, 1, 0, 2, 1, 0, 4, 1, 2, 2, 8, 0, 1, 2, 1, 3, 3, 0, 2, 1, 1, 1, 1, 1, 0, 3, 0, 0, 1, 1, 0, 0, 0, 1, 3, 1, 1, 0, 2, 3, 1, 3, 3, 1, 1, 2, 3, 3, 0, 0, 3, 3, 0, 3, 0, 0, 0, 2, 0, 0, 3, 1, 0, 0, 3, 0, 1, 2, 3, 1, 1, 1, 0, 1, 3, 3, 1, 3, 0, 2, 3, 0, 3, 0, 0, 1, 0, 1, 0, 1, 1, 3, 1, 3, 3, 3, 0, 0, 0, 1, 7, 3, 1, 0, 0, 1, 0, 0, 0, 2, 2, 6, 2, 3, 3, 0, 1, 1, 2, 3, 3, 1, 1, 0, 0, 0, 0, 3, 1, 1, 0, 0, 3, 0, 1, 1, 0, 3, 3, 1, 1, 0, 0, 0, 0, 0, 3, 1, 0, 3, 3, 0, 0, 2, 0, 1, 1, 3, 0, 1, 3, 6, 3, 0, 3, 2, 3, 2, 3, 1, 3, 3, 0, 0, 1, 0, 2, 9, 0, 0, 1, 2, 2, 3, 1, 2, 1, 1, 0, 3, 1, 0, 3, 1, 3, 0, 3, 3, 0, 0, 2, 2, 0, 2, 2, 0, 0, 3, 1, 2, 3, 3, 0, 10, 0, 1, 3, 2, 0, 3, 1, 9, 0, 2, 2, 3, 3, 3, 0, 11, 2, 2, 11, 3, 0, 1, 10, 0, 2, 1, 2, 0, 0, 3, 0, 1, 0, 0, 1, 1, 3, 2, 1, 3, 1, 3, 3, 1, 1, 3, 0, 1, 1, 3, 11, 1, 1, 1, 0, 3, 3, 0, 2, 1, 0, 3, 3, 3, 2, 1, 3, 3, 1, 0, 1, 1, 1, 1, 3, 0, 1, 0, 0, 10, 1, 1, 3, 3, 1, 3, 3, 0, 0, 1, 0, 1, 4, 3, 1, 1, 1, 3, 2, 2, 2, 2, 7, 1, 11, 11, 1, 2, 1, 1, 12, 4, 3, 0, 1, 2, 1, 0, 10, 0, 1, 2, 0, 1, 1, 3, 11, 1, 3, 0, 0, 2, 11, 3, 3, 3, 1, 2, 0, 3, 0, 1, 0, 3, 1, 2, 2, 1, 1, 1, 2, 11, 3, 3, 2, 1, 1, 0, 3, 1]"
xerces,19,seed19_solution064,seed19_solution064,0.7178720345075486,17.197123451952905,1.4946998304080765,0.7451579641942392,0.7178720345075486,-17.197123451952905,1.4946998304080765,True,False,"[0, 0, 1, 2, 0, 1, 2, 3, 0, 3, 1, 3, 2, 0, 1, 2, 1, 0, 0, 0, 1, 0, 2, 0, 0, 1, 2, 0, 1, 1, 2, 1, 0, 2, 0, 0, 0, 1, 1, 1, 2, 1, 0, 1, 1, 0, 3, 2, 2, 3, 2, 1, 2, 3, 0, 2, 1, 0, 0, 0, 1, 1, 3, 1, 1, 1, 1, 2, 1, 1, 3, 0, 0, 0, 1, 0, 0, 2, 2, 1, 1, 1, 1, 3, 3, 0, 1, 1, 2, 3, 1, 1, 0, 3, 0, 0, 3, 0, 1, 1, 3, 1, 0, 1, 0, 2, 0, 0, 1, 0, 1, 2, 1, 2, 1, 1, 1, 0, 4, 2, 0, 1, 2, 1, 1, 1, 2, 3, 2, 2, 1, 0, 0, 0, 0, 5, 1, 0, 0, 1, 1, 2, 0, 0, 0, 0, 1, 0, 2, 0, 0, 0, 1, 0, 1, 1, 2, 1, 1, 0, 0, 0, 1, 0, 1, 2, 1, 1, 1, 0, 1, 2, 3, 1, 1, 0, 1, 2, 0, 1, 0, 1, 2, 2, 0, 0, 1, 1, 0, 3, 0, 2, 2, 3, 1, 2, 2, 0, 1, 3, 3, 1, 2, 0, 3, 0, 0, 2, 1, 0, 3, 1, 1, 2, 0, 0, 0, 0, 0, 2, 1, 3, 1, 0, 1, 4, 1, 1, 0, 0, 1, 0, 1, 3, 4, 0, 1, 1, 2, 3, 0, 1, 2, 2, 1, 2, 1, 3, 0, 3, 0, 0, 1, 1, 2, 0, 2, 0, 1, 3, 3, 1, 0, 1, 2, 3, 3, 1, 2, 1, 1, 1, 3, 2, 1, 1, 0, 2, 1, 0, 1, 1, 1, 0, 2, 2, 1, 2, 0, 1, 5, 1, 1, 1, 0, 1, 0, 0, 0, 0, 0, 1, 2, 1, 2, 1, 0, 1, 1, 1, 3, 3, 2, 1, 1, 1, 1, 6, 1, 0, 1, 7, 1, 1, 0, 0, 0, 0, 2, 0, 3, 0, 2, 1, 1, 1, 2, 0, 1, 1, 3, 0, 1, 0, 1, 0, 3, 2, 2, 0, 1, 3, 0, 0, 1, 1, 2, 2, 1, 1, 0, 0, 2, 3, 0, 2, 3, 1, 5, 1, 1, 2, 0, 0, 1, 3, 0, 1, 3, 1, 1, 0, 0, 2, 1, 3, 3, 1, 1, 2, 3, 1, 3, 0, 0, 0, 8, 0, 0, 0, 2, 0, 1, 2, 1, 3, 1, 1, 2, 1, 1, 1, 1, 0, 1, 2, 0, 1, 3, 1, 1, 1, 2, 2, 0, 0, 0, 1, 1, 6, 0, 0, 0, 2, 1, 1, 0, 5, 0, 1, 2, 1, 0, 2, 0, 0, 1, 1, 2, 3, 6, 0, 0, 2, 9, 6, 1, 0, 1, 1, 1, 1, 1, 2, 0, 3, 0, 0, 2, 1, 0, 0, 0, 0, 3, 3, 0, 0, 1, 1, 0, 2, 0, 3, 1, 2, 2, 2, 0, 0, 1, 2, 3, 0, 0, 0, 0, 0, 0, 0, 1, 1, 0, 0, 1, 0, 2, 2, 2, 1, 3, 2, 0, 1, 2, 0, 4, 0, 0, 1, 3, 0, 1, 0, 2, 1, 3, 1, 2, 1, 1, 2, 0, 2, 0, 1, 0, 0, 2, 3, 9, 3, 2, 0, 2, 10, 1, 0, 0, 1, 2, 1, 1, 2, 1, 2, 1, 0, 0, 2, 3, 1, 1, 0, 0, 0, 0, 2, 0, 1, 0, 0, 1, 0, 2, 1, 0, 2, 1, 1, 1, 2, 0, 1, 10, 0, 2, 0, 1, 1, 2, 0, 0, 0, 0, 1, 1, 1, 0, 0, 2, 6, 0, 0, 2, 3, 2, 3, 1, 1, 1, 1, 2, 0, 1, 0, 2, 11, 0, 3, 1, 2, 2, 2, 0, 1, 2, 1, 0, 0, 1, 0, 1, 1, 9, 1, 2, 1, 3, 1, 1, 3, 0, 3, 2, 3, 0, 1, 1, 3, 2, 1, 0, 3, 3, 1, 2, 12, 0, 3, 2, 11, 8, 3, 0, 0, 3, 0, 0, 2, 2, 12, 9, 1, 8, 3, 8, 0, 1, 1, 3, 0, 0, 2, 12, 2, 1, 1, 1, 2, 1, 8, 12, 12, 1, 2, 3, 1, 1, 2, 1, 9, 1, 0, 8, 2, 2, 3, 2, 2, 1, 0, 3, 8, 0, 3, 2, 2, 2, 3, 2, 1, 1, 3, 1, 2, 2, 1, 2, 0, 2, 1, 1, 8, 2, 0, 2, 9, 1, 3, 2, 0, 0, 2, 3, 2, 3, 0, 2, 9, 2, 12, 3, 2, 3, 3, 9, 2, 0, 2, 1, 3, 1, 0, 8, 2, 2, 2, 1, 3, 3, 0, 8, 8, 1, 12, 0, 1, 2, 1, 8, 2, 8, 2, 0, 12, 3, 2, 2, 1, 3, 2, 12, 1, 0, 2, 0, 1, 3, 0, 3, 2, 0, 2, 1, 1, 2, 1, 0, 1, 2, 1, 1, 2]"
xerces,19,seed19_solution066,seed19_solution066,0.7183321351545651,16.881431226261114,1.4427626381241572,0.7687405763758233,0.7183321351545651,-16.881431226261114,1.4427626381241572,True,False,"[0, 0, 1, 1, 0, 2, 0, 3, 1, 3, 0, 2, 2, 3, 1, 3, 3, 2, 0, 0, 4, 0, 1, 4, 2, 3, 1, 0, 2, 0, 3, 3, 0, 1, 2, 2, 2, 2, 2, 2, 2, 3, 0, 3, 2, 0, 3, 2, 1, 1, 1, 3, 2, 0, 3, 3, 3, 5, 1, 0, 3, 2, 3, 0, 3, 3, 5, 1, 1, 2, 0, 2, 0, 2, 3, 0, 5, 1, 3, 3, 0, 1, 2, 3, 2, 1, 2, 1, 3, 3, 2, 0, 0, 0, 0, 0, 1, 2, 0, 3, 1, 1, 2, 3, 3, 2, 0, 2, 2, 1, 3, 1, 2, 2, 0, 2, 3, 0, 0, 2, 0, 1, 1, 3, 2, 2, 3, 2, 1, 2, 2, 0, 2, 0, 0, 3, 1, 6, 0, 2, 3, 3, 0, 3, 1, 2, 2, 4, 1, 0, 0, 0, 1, 2, 1, 3, 1, 0, 2, 3, 3, 2, 0, 1, 3, 0, 3, 0, 3, 1, 1, 3, 0, 0, 2, 0, 2, 4, 0, 3, 0, 3, 1, 1, 0, 0, 2, 1, 2, 0, 0, 2, 2, 3, 1, 3, 3, 3, 0, 2, 3, 3, 1, 1, 3, 2, 2, 5, 3, 0, 1, 0, 2, 1, 0, 1, 2, 2, 1, 2, 1, 1, 3, 2, 1, 3, 2, 2, 7, 3, 0, 1, 0, 1, 2, 3, 2, 0, 2, 2, 0, 1, 2, 0, 0, 3, 3, 2, 2, 3, 1, 0, 2, 3, 3, 0, 4, 0, 3, 8, 3, 4, 2, 9, 1, 2, 0, 2, 2, 1, 2, 0, 2, 3, 3, 3, 3, 1, 0, 0, 3, 3, 3, 1, 0, 6, 3, 2, 0, 3, 1, 1, 3, 1, 0, 0, 10, 10, 0, 2, 0, 2, 3, 2, 2, 1, 0, 3, 2, 2, 3, 3, 1, 0, 0, 0, 3, 2, 2, 1, 3, 11, 3, 0, 1, 2, 0, 2, 3, 0, 3, 0, 1, 2, 9, 1, 2, 2, 2, 1, 3, 3, 1, 0, 2, 1, 3, 2, 2, 2, 2, 0, 0, 0, 3, 2, 2, 0, 3, 2, 0, 2, 0, 2, 3, 2, 1, 3, 1, 2, 3, 1, 1, 0, 2, 3, 0, 2, 0, 3, 0, 0, 0, 1, 2, 0, 3, 2, 3, 1, 0, 2, 1, 0, 2, 0, 2, 4, 0, 0, 3, 0, 7, 3, 3, 0, 3, 3, 2, 3, 3, 1, 2, 2, 3, 3, 0, 3, 3, 3, 2, 0, 1, 3, 0, 3, 2, 3, 3, 3, 3, 2, 0, 3, 1, 2, 0, 1, 2, 1, 3, 11, 0, 0, 3, 2, 0, 2, 1, 1, 3, 3, 3, 2, 0, 1, 0, 3, 1, 0, 0, 3, 3, 2, 0, 3, 0, 3, 2, 3, 2, 0, 0, 0, 0, 3, 0, 3, 2, 0, 3, 0, 0, 3, 0, 2, 2, 2, 0, 0, 2, 1, 1, 1, 0, 0, 2, 2, 1, 0, 2, 3, 2, 2, 3, 1, 1, 0, 3, 2, 1, 3, 3, 2, 3, 0, 2, 0, 0, 0, 1, 3, 2, 0, 0, 0, 3, 1, 3, 0, 5, 4, 2, 2, 3, 2, 0, 0, 1, 3, 1, 1, 2, 0, 2, 0, 1, 3, 3, 1, 3, 2, 5, 2, 0, 0, 3, 0, 2, 1, 3, 3, 3, 2, 3, 0, 1, 2, 2, 2, 0, 2, 2, 0, 1, 2, 0, 2, 1, 0, 3, 1, 1, 2, 0, 2, 3, 3, 2, 2, 2, 2, 2, 1, 0, 1, 3, 3, 2, 0, 0, 1, 3, 2, 3, 3, 2, 3, 0, 3, 2, 6, 0, 2, 3, 2, 3, 12, 0, 3, 2, 1, 3, 4, 2, 0, 3, 2, 3, 1, 2, 0, 2, 3, 0, 2, 2, 3, 0, 0, 2, 2, 3, 3, 1, 1, 1, 6, 2, 5, 2, 1, 2, 0, 1, 3, 3, 2, 0, 0, 3, 12, 0, 2, 2, 3, 2, 1, 0, 0, 2, 0, 3, 0, 3, 2, 0, 2, 3, 0, 2, 0, 3, 2, 3, 3, 0, 0, 2, 3, 2, 10, 3, 1, 0, 2, 1, 2, 2, 3, 2, 3, 2, 2, 3, 3, 0, 3, 0, 3, 0, 0, 3, 3, 2, 3, 2, 3, 2, 3, 1, 2, 2, 3, 0, 1, 1, 1, 1, 0, 2, 0, 0, 2, 0, 0, 3, 2, 2, 5, 1, 3, 2, 1, 0, 3, 0, 1, 0, 3, 1, 3, 3, 1, 3, 3, 2, 1, 2, 1, 2, 1, 2, 0, 3, 0, 3, 2, 2, 3, 3, 1, 2, 2, 2, 1, 0, 2, 0, 0, 0, 1, 2, 0, 0, 2, 3, 1, 3, 0, 2, 2, 0, 2, 0, 3, 1, 0, 3, 0, 3, 2, 3, 3, 4, 0, 3, 1, 2, 0, 1, 3, 0, 2]"
xerces,19,seed19_solution067,seed19_solution067,0.7257225017972682,18.28778873156575,1.3879280449791302,0.7609890810893238,0.7257225017972682,-18.28778873156575,1.3879280449791302,True,False,"[0, 1, 2, 1, 0, 2, 0, 3, 1, 2, 0, 2, 3, 3, 1, 3, 1, 2, 0, 3, 4, 0, 2, 0, 2, 1, 1, 0, 1, 0, 3, 1, 0, 1, 2, 3, 2, 2, 3, 2, 1, 3, 1, 3, 1, 0, 3, 2, 1, 1, 3, 3, 2, 0, 2, 3, 2, 5, 2, 0, 1, 2, 2, 0, 1, 1, 2, 1, 3, 3, 0, 2, 0, 3, 3, 0, 5, 1, 3, 3, 0, 1, 2, 1, 2, 3, 2, 1, 3, 1, 2, 0, 0, 2, 0, 0, 2, 3, 2, 3, 2, 2, 3, 3, 3, 0, 0, 2, 0, 1, 3, 3, 2, 2, 0, 1, 1, 0, 0, 2, 1, 1, 3, 3, 2, 0, 0, 2, 1, 2, 2, 0, 1, 0, 0, 0, 1, 2, 0, 1, 1, 2, 0, 3, 1, 2, 2, 2, 3, 0, 0, 0, 3, 2, 2, 3, 3, 0, 0, 3, 3, 1, 0, 2, 2, 3, 1, 0, 3, 3, 2, 3, 0, 0, 2, 0, 2, 3, 0, 2, 0, 3, 1, 3, 0, 0, 1, 1, 3, 2, 0, 2, 3, 2, 2, 3, 2, 3, 0, 2, 3, 1, 1, 3, 3, 2, 1, 5, 3, 0, 1, 0, 3, 1, 0, 2, 2, 2, 1, 2, 1, 2, 2, 2, 2, 2, 1, 3, 0, 3, 0, 1, 0, 1, 2, 3, 1, 0, 2, 2, 0, 1, 2, 0, 2, 2, 3, 1, 2, 3, 1, 0, 2, 3, 3, 0, 3, 0, 1, 6, 2, 2, 0, 7, 1, 3, 0, 2, 2, 1, 2, 0, 1, 3, 2, 2, 1, 1, 0, 0, 3, 3, 2, 3, 0, 0, 3, 2, 0, 3, 1, 1, 3, 1, 0, 1, 8, 2, 0, 2, 0, 2, 3, 2, 2, 2, 1, 1, 2, 2, 1, 2, 2, 0, 2, 0, 3, 2, 2, 1, 2, 0, 3, 0, 1, 0, 3, 2, 1, 0, 1, 0, 2, 2, 2, 1, 3, 2, 1, 2, 2, 3, 2, 0, 2, 2, 2, 3, 3, 2, 2, 0, 0, 0, 3, 2, 2, 0, 3, 0, 0, 0, 0, 1, 0, 3, 2, 3, 1, 1, 3, 2, 2, 0, 2, 3, 0, 0, 3, 3, 0, 0, 2, 1, 2, 0, 2, 2, 2, 1, 0, 2, 1, 0, 2, 0, 3, 4, 0, 0, 3, 0, 9, 3, 3, 0, 2, 3, 2, 1, 3, 1, 1, 2, 3, 1, 2, 7, 3, 1, 2, 0, 3, 3, 0, 3, 2, 3, 2, 3, 2, 1, 0, 1, 1, 2, 0, 2, 2, 1, 3, 1, 0, 3, 2, 2, 0, 1, 1, 1, 0, 2, 1, 3, 0, 2, 0, 1, 1, 0, 0, 3, 2, 2, 0, 2, 0, 3, 1, 3, 1, 0, 0, 0, 2, 3, 0, 1, 3, 0, 3, 0, 0, 3, 0, 2, 3, 3, 0, 0, 2, 1, 1, 3, 0, 0, 3, 3, 3, 0, 2, 3, 0, 1, 3, 2, 0, 0, 3, 1, 1, 3, 0, 3, 2, 0, 1, 0, 0, 3, 2, 3, 2, 1, 0, 3, 2, 1, 3, 0, 3, 2, 1, 2, 3, 0, 0, 0, 3, 3, 1, 1, 2, 0, 3, 0, 1, 3, 2, 1, 3, 0, 3, 2, 0, 0, 3, 0, 2, 3, 3, 1, 3, 3, 3, 0, 1, 3, 2, 3, 0, 0, 2, 0, 1, 1, 0, 3, 1, 0, 3, 3, 2, 2, 0, 1, 2, 3, 2, 2, 2, 0, 2, 1, 0, 1, 1, 2, 1, 0, 3, 2, 2, 2, 3, 3, 2, 2, 0, 3, 2, 10, 3, 0, 1, 2, 3, 11, 0, 3, 2, 3, 3, 0, 2, 0, 1, 2, 1, 1, 1, 0, 2, 3, 0, 1, 3, 3, 0, 0, 3, 3, 1, 2, 1, 1, 1, 2, 1, 2, 3, 1, 2, 0, 1, 3, 3, 2, 0, 0, 3, 11, 0, 1, 2, 3, 3, 1, 0, 0, 3, 3, 3, 0, 3, 1, 0, 0, 1, 0, 1, 0, 3, 2, 0, 3, 0, 0, 1, 1, 1, 8, 3, 1, 0, 2, 1, 2, 2, 2, 1, 1, 2, 2, 3, 2, 0, 3, 0, 2, 0, 0, 2, 3, 2, 2, 2, 1, 3, 3, 3, 2, 2, 2, 0, 3, 3, 1, 2, 0, 1, 0, 0, 1, 0, 0, 2, 2, 2, 5, 3, 0, 2, 1, 0, 1, 2, 1, 1, 3, 1, 3, 2, 3, 3, 1, 3, 1, 3, 3, 2, 1, 2, 0, 3, 3, 3, 2, 2, 3, 3, 3, 2, 2, 1, 3, 0, 1, 0, 0, 0, 3, 2, 0, 0, 3, 3, 1, 2, 0, 2, 2, 0, 0, 0, 3, 3, 0, 3, 0, 2, 2, 0, 3, 3, 1, 2, 2, 3, 0, 3, 2, 0, 1]"
xerces,19,seed19_solution068,seed19_solution068,0.7327965492451474,19.976965884114488,1.3131959859277178,0.7471918701496756,0.7327965492451474,-19.976965884114488,1.3131959859277178,True,False,"[0, 0, 1, 2, 0, 1, 3, 2, 0, 3, 1, 1, 3, 0, 2, 1, 1, 1, 0, 3, 3, 0, 2, 0, 1, 1, 2, 0, 1, 0, 1, 1, 0, 3, 3, 3, 0, 3, 1, 1, 2, 1, 1, 1, 1, 0, 2, 3, 3, 2, 3, 1, 2, 3, 2, 2, 2, 0, 0, 0, 1, 1, 3, 1, 1, 1, 2, 3, 3, 1, 0, 0, 0, 3, 3, 0, 0, 2, 3, 1, 1, 2, 3, 1, 1, 0, 1, 2, 3, 3, 1, 3, 0, 3, 0, 0, 3, 0, 1, 1, 3, 2, 3, 1, 2, 2, 0, 0, 1, 3, 1, 2, 2, 2, 1, 1, 1, 1, 1, 1, 1, 1, 3, 1, 2, 0, 0, 3, 2, 2, 1, 0, 0, 0, 0, 4, 1, 2, 0, 1, 1, 2, 0, 0, 3, 0, 1, 0, 3, 0, 0, 0, 3, 0, 1, 1, 2, 0, 0, 0, 0, 1, 1, 0, 1, 2, 1, 1, 1, 0, 1, 2, 3, 1, 1, 0, 1, 3, 0, 2, 0, 1, 2, 3, 0, 0, 1, 1, 3, 3, 0, 2, 3, 3, 1, 2, 2, 3, 1, 1, 3, 1, 3, 0, 1, 0, 1, 2, 1, 0, 2, 1, 3, 3, 0, 0, 1, 0, 0, 2, 1, 3, 2, 0, 2, 2, 1, 1, 0, 0, 1, 0, 1, 3, 5, 3, 1, 0, 1, 3, 0, 1, 3, 0, 2, 2, 1, 3, 1, 2, 3, 0, 0, 1, 3, 0, 2, 0, 1, 3, 2, 1, 0, 1, 3, 3, 1, 2, 3, 1, 1, 0, 3, 2, 2, 1, 1, 3, 1, 0, 1, 1, 2, 0, 0, 2, 1, 2, 0, 1, 4, 1, 1, 3, 0, 1, 0, 0, 0, 0, 0, 1, 2, 1, 2, 1, 1, 1, 1, 1, 1, 2, 2, 1, 1, 1, 2, 2, 1, 0, 1, 0, 1, 0, 0, 0, 3, 3, 2, 0, 1, 0, 2, 1, 1, 1, 3, 1, 1, 2, 3, 0, 1, 0, 2, 2, 3, 2, 2, 0, 1, 2, 0, 0, 2, 1, 3, 3, 1, 1, 0, 0, 0, 1, 0, 3, 2, 1, 4, 1, 1, 2, 2, 0, 1, 3, 0, 1, 3, 1, 2, 0, 0, 2, 1, 3, 2, 3, 1, 2, 2, 1, 3, 2, 0, 0, 3, 2, 0, 0, 2, 0, 1, 1, 1, 3, 1, 0, 3, 1, 1, 1, 1, 3, 2, 1, 2, 1, 2, 1, 1, 1, 3, 2, 0, 0, 0, 0, 1, 6, 0, 1, 0, 1, 1, 1, 3, 2, 3, 1, 2, 1, 0, 3, 0, 0, 1, 1, 3, 3, 6, 0, 1, 3, 7, 2, 0, 0, 3, 1, 1, 2, 1, 1, 0, 2, 0, 2, 2, 1, 0, 0, 0, 0, 2, 1, 0, 0, 3, 0, 0, 2, 0, 1, 1, 3, 2, 2, 0, 2, 1, 2, 3, 3, 0, 0, 0, 3, 0, 0, 3, 1, 0, 0, 1, 0, 2, 3, 2, 1, 1, 2, 0, 1, 2, 0, 1, 0, 0, 3, 2, 0, 2, 0, 0, 1, 2, 1, 2, 1, 1, 2, 1, 2, 2, 0, 0, 0, 3, 3, 7, 2, 1, 0, 2, 1, 1, 0, 0, 3, 3, 1, 3, 2, 1, 2, 1, 1, 3, 2, 2, 1, 1, 0, 0, 0, 0, 3, 3, 1, 0, 0, 1, 0, 2, 1, 0, 3, 3, 1, 1, 2, 2, 0, 0, 0, 2, 1, 1, 2, 3, 0, 0, 3, 0, 1, 1, 2, 0, 0, 2, 6, 2, 0, 2, 3, 2, 3, 1, 1, 1, 0, 2, 0, 1, 0, 3, 8, 0, 2, 1, 3, 3, 2, 1, 3, 1, 1, 0, 0, 1, 3, 3, 1, 2, 1, 2, 3, 0, 0, 3, 3, 0, 3, 3, 3, 0, 2, 1, 2, 3, 1, 0, 0, 3, 1, 2, 9, 0, 2, 1, 8, 0, 3, 2, 2, 3, 0, 0, 0, 3, 3, 2, 0, 0, 1, 10, 0, 1, 1, 3, 0, 0, 2, 0, 2, 0, 0, 1, 1, 1, 3, 1, 9, 1, 2, 2, 1, 1, 2, 1, 1, 1, 0, 10, 2, 2, 3, 0, 2, 0, 0, 3, 1, 0, 2, 2, 2, 3, 3, 2, 2, 1, 3, 1, 2, 3, 1, 2, 0, 1, 1, 0, 10, 0, 0, 2, 7, 1, 2, 2, 0, 0, 2, 0, 1, 3, 0, 0, 1, 1, 1, 3, 3, 2, 1, 7, 2, 0, 2, 1, 3, 1, 0, 10, 3, 2, 2, 1, 3, 2, 0, 10, 1, 1, 3, 0, 1, 2, 1, 0, 2, 3, 0, 0, 9, 3, 2, 2, 0, 2, 3, 3, 0, 0, 2, 0, 0, 1, 0, 3, 2, 0, 1, 3, 1, 2, 2, 3, 1, 2, 2, 0, 1]"
xerces,19,seed19_solution069,seed19_solution069,0.7374838245866283,1.2156749190366825,0.7444737716987342,0.822978112200113,0.7374838245866283,-1.2156749190366825,0.7444737716987342,True,False,"[0, 0, 0, 0, 0, 0, 0, 0, 1, 0, 0, 0, 0, 0, 1, 2, 3, 0, 0, 2, 3, 0, 0, 0, 0, 0, 1, 0, 0, 0, 0, 0, 0, 0, 0, 0, 0, 0, 0, 0, 0, 0, 4, 5, 0, 0, 0, 0, 0, 0, 0, 0, 0, 0, 0, 6, 0, 0, 0, 0, 0, 0, 0, 7, 0, 4, 0, 0, 4, 8, 0, 9, 0, 0, 0, 0, 0, 0, 0, 0, 0, 0, 0, 0, 0, 0, 0, 6, 0, 0, 0, 0, 0, 0, 0, 0, 0, 0, 0, 0, 2, 0, 6, 0, 0, 0, 5, 6, 6, 5, 3, 10, 0, 7, 9, 9, 11, 12, 7, 7, 7, 11, 11, 4, 9, 9, 4, 10, 9, 3, 11, 4, 8, 11, 8, 6, 11, 4, 11, 10, 7, 7, 11, 13, 11, 11, 3, 1, 7, 3, 3, 9, 10, 3, 1, 10, 1, 1, 5, 7, 1, 1, 1, 8, 1, 1, 11, 3, 3, 6, 1, 3, 8, 4, 1, 13, 14, 9, 13, 6, 9, 3, 13, 3, 1, 3, 3, 10, 1, 9, 6, 10, 11, 14, 7, 12, 12, 12, 15, 15, 3, 16, 16, 4, 10, 10, 9, 6, 10, 10, 6, 5, 7, 10, 14, 6, 15, 15, 15, 9, 15, 15, 15, 10, 15, 10, 15, 10, 12, 9, 10, 13, 6, 14, 5, 5, 15, 15, 5, 10, 15, 6, 9, 12, 15, 2, 13, 6, 6, 10, 12, 15, 9, 9, 16, 14, 12, 6, 1, 10, 15, 10, 5, 15, 10, 12, 10, 6, 13, 6, 5, 16, 15, 5, 9, 10, 17, 8, 14, 6, 7, 10, 6, 4, 10, 1, 4, 4, 1, 11, 16, 16, 15, 15, 12, 15, 5, 12, 15, 13, 6, 7, 13, 13, 13, 12, 12, 2, 16, 13, 13, 13, 13, 13, 12, 13, 6, 12, 3, 13, 7, 13, 16, 12, 16, 12, 15, 13, 12, 10, 12, 13, 13, 5, 4, 4, 11, 9, 9, 13, 7, 13, 1, 3, 1, 6, 7, 6, 3, 2, 4, 9, 11, 11, 4, 11, 11, 4, 5, 4, 10, 14, 9, 10, 10, 13, 13, 10, 6, 9, 6, 2, 13, 6, 2, 14, 1, 10, 13, 3, 9, 12, 10, 11, 1, 4, 14, 11, 9, 5, 11, 10, 2, 5, 4, 14, 7, 13, 13, 8, 14, 13, 4, 10, 9, 8, 15, 15, 18, 19, 16, 1, 16, 19, 18, 19, 14, 0, 16, 1, 19, 9, 11, 10, 1, 10, 19, 12, 13, 10, 14, 13, 10, 12, 5, 9, 10, 10, 10, 13, 13, 0, 14, 1, 10, 10, 15, 13, 9, 10, 14, 11, 10, 2, 16, 9, 10, 12, 10, 5, 13, 9, 13, 6, 13, 13, 12, 13, 8, 16, 19, 19, 19, 1, 3, 2, 3, 1, 7, 3, 16, 14, 19, 3, 8, 8, 19, 20, 9, 20, 20, 20, 19, 18, 3, 5, 1, 0, 3, 1, 7, 4, 19, 4, 3, 9, 2, 2, 4, 8, 8, 1, 1, 1, 4, 11, 11, 1, 18, 19, 14, 16, 19, 15, 19, 6, 2, 2, 4, 2, 2, 18, 18, 0, 18, 19, 7, 15, 1, 1, 3, 2, 2, 4, 15, 18, 1, 1, 20, 3, 1, 1, 3, 2, 8, 18, 4, 12, 4, 2, 1, 1, 4, 4, 4, 4, 1, 10, 4, 2, 3, 3, 3, 7, 4, 3, 3, 1, 1, 7, 2, 18, 5, 2, 18, 16, 17, 20, 17, 17, 20, 17, 20, 17, 21, 11, 21, 17, 21, 17, 17, 17, 20, 21, 20, 17, 17, 21, 21, 3, 21, 17, 6, 21, 17, 2, 18, 22, 2, 13, 10, 19, 14, 1, 2, 19, 1, 14, 16, 8, 3, 16, 19, 7, 3, 3, 1, 2, 2, 5, 16, 5, 4, 3, 3, 5, 5, 16, 9, 5, 1, 11, 3, 7, 3, 7, 7, 5, 9, 2, 2, 22, 5, 4, 20, 2, 9, 4, 3, 23, 6, 24, 23, 23, 23, 22, 6, 23, 22, 22, 3, 10, 5, 8, 1, 1, 8, 3, 3, 3, 3, 8, 3, 3, 1, 15, 1, 6, 16, 1, 8, 4, 2, 2, 4, 4, 1, 1, 3, 3, 1, 1, 14, 1, 3, 1, 1, 2, 14, 5, 18, 18, 1, 1, 14, 1, 3, 1, 19, 1, 9, 3, 2, 3, 5, 1, 2, 11, 11, 14, 20, 5, 2, 9, 9, 14, 6, 10, 24, 13, 4, 7, 13, 11, 2, 4, 6, 10, 6, 10, 9, 10, 6, 9, 13, 9, 10, 14, 5, 4, 9, 16, 13, 10, 10, 12, 7, 1, 1, 3, 4, 5, 5, 1, 3, 4, 1, 3, 3, 3, 25, 26, 25, 23, 3, 5, 26, 5, 23, 5, 26, 25, 24, 4, 25, 25, 26, 3, 1, 2, 4, 1, 16, 3]"
xerces,19,seed19_solution070,seed19_solution070,0.7482099209202013,19.94955428588789,1.2654254412044563,0.7684144021629826,0.7482099209202013,-19.94955428588789,1.2654254412044563,True,False,"[0, 1, 1, 2, 0, 3, 0, 1, 0, 1, 1, 3, 3, 1, 3, 3, 0, 3, 0, 0, 4, 0, 1, 4, 1, 3, 3, 0, 3, 0, 3, 3, 0, 2, 3, 1, 0, 3, 3, 2, 3, 1, 1, 3, 3, 0, 1, 3, 2, 0, 3, 3, 3, 0, 1, 1, 1, 0, 1, 0, 1, 3, 2, 0, 3, 3, 1, 3, 2, 4, 0, 3, 0, 3, 1, 0, 5, 2, 1, 1, 0, 1, 1, 1, 3, 2, 3, 1, 3, 2, 3, 3, 0, 2, 0, 0, 0, 2, 0, 0, 0, 1, 3, 1, 2, 0, 0, 3, 3, 3, 1, 2, 2, 0, 0, 1, 0, 0, 0, 1, 1, 2, 3, 0, 3, 3, 0, 3, 2, 2, 3, 0, 3, 0, 0, 0, 3, 6, 0, 3, 3, 1, 1, 2, 2, 1, 1, 2, 2, 0, 0, 3, 2, 3, 1, 1, 2, 0, 3, 1, 3, 1, 0, 0, 1, 0, 2, 1, 1, 3, 1, 1, 0, 0, 3, 0, 3, 3, 0, 1, 3, 3, 3, 2, 0, 3, 3, 2, 2, 0, 0, 1, 1, 1, 5, 1, 2, 1, 0, 3, 1, 3, 3, 3, 3, 3, 1, 5, 1, 0, 1, 0, 4, 2, 1, 1, 3, 3, 3, 3, 3, 2, 1, 1, 1, 2, 3, 3, 7, 2, 0, 2, 0, 1, 3, 3, 3, 6, 1, 2, 0, 1, 2, 0, 2, 1, 1, 3, 1, 2, 3, 0, 3, 4, 1, 0, 4, 3, 1, 1, 2, 4, 0, 2, 3, 2, 0, 2, 1, 2, 2, 0, 1, 2, 1, 1, 3, 3, 0, 0, 0, 3, 1, 2, 0, 6, 2, 3, 0, 3, 2, 1, 2, 3, 0, 0, 0, 8, 0, 0, 0, 3, 2, 3, 3, 1, 1, 3, 1, 3, 3, 2, 1, 0, 0, 0, 2, 3, 0, 3, 1, 0, 1, 3, 0, 3, 0, 3, 1, 3, 0, 1, 1, 1, 2, 2, 1, 3, 3, 0, 1, 1, 1, 4, 3, 0, 1, 2, 3, 3, 3, 0, 0, 0, 2, 3, 0, 3, 3, 0, 0, 3, 1, 3, 1, 3, 3, 1, 2, 1, 1, 1, 8, 0, 3, 3, 3, 3, 0, 3, 0, 0, 0, 2, 1, 0, 2, 2, 1, 2, 0, 1, 9, 2, 3, 0, 3, 4, 0, 0, 1, 0, 7, 3, 1, 2, 2, 1, 1, 3, 3, 1, 3, 3, 2, 3, 2, 3, 1, 1, 3, 0, 3, 1, 0, 1, 1, 1, 2, 1, 2, 3, 0, 3, 2, 1, 0, 0, 0, 2, 1, 9, 0, 3, 1, 2, 4, 3, 4, 3, 1, 1, 3, 1, 0, 0, 6, 1, 2, 0, 0, 1, 1, 3, 0, 1, 0, 1, 3, 3, 3, 0, 0, 0, 0, 1, 4, 6, 1, 0, 0, 0, 1, 2, 2, 3, 2, 0, 0, 0, 3, 2, 1, 2, 0, 0, 0, 0, 2, 3, 4, 3, 3, 3, 3, 0, 2, 0, 2, 3, 2, 3, 1, 3, 1, 0, 3, 0, 0, 3, 1, 1, 2, 0, 0, 0, 1, 1, 1, 2, 5, 1, 1, 1, 1, 3, 0, 0, 3, 1, 3, 1, 1, 0, 2, 0, 0, 1, 1, 2, 1, 3, 5, 2, 0, 0, 3, 0, 2, 2, 2, 3, 2, 2, 1, 0, 0, 3, 1, 3, 0, 3, 3, 0, 2, 3, 0, 3, 2, 0, 2, 3, 1, 3, 0, 1, 2, 0, 3, 3, 3, 3, 3, 2, 0, 3, 0, 1, 1, 0, 3, 1, 1, 0, 1, 3, 3, 1, 0, 2, 3, 0, 0, 0, 3, 2, 1, 10, 0, 2, 3, 3, 3, 4, 1, 3, 1, 1, 1, 3, 1, 0, 3, 3, 0, 3, 0, 1, 0, 0, 0, 2, 3, 1, 2, 1, 2, 2, 1, 2, 3, 3, 3, 0, 2, 2, 1, 3, 0, 2, 3, 10, 0, 3, 3, 2, 2, 2, 0, 0, 3, 0, 2, 0, 1, 3, 0, 3, 3, 0, 3, 0, 2, 2, 1, 1, 0, 0, 3, 3, 1, 2, 1, 2, 0, 3, 1, 3, 1, 2, 3, 1, 2, 0, 1, 1, 0, 1, 0, 1, 0, 0, 1, 0, 0, 2, 2, 3, 3, 1, 3, 3, 3, 2, 0, 3, 3, 1, 1, 0, 3, 0, 3, 3, 0, 0, 2, 3, 1, 5, 2, 1, 2, 1, 0, 1, 0, 3, 0, 1, 2, 8, 2, 3, 1, 1, 1, 1, 2, 2, 1, 4, 3, 0, 3, 0, 2, 3, 3, 1, 2, 2, 3, 3, 3, 2, 0, 3, 0, 0, 0, 2, 3, 0, 0, 3, 1, 2, 2, 0, 3, 3, 0, 0, 0, 3, 3, 0, 3, 0, 1, 3, 1, 3, 4, 0, 1, 5, 2, 3, 3, 2, 0, 3]"
xerces,19,seed19_solution071,seed19_solution071,0.752293314162473,0.10356281014136587,0.018872593975107144,0.7588825926329474,0.752293314162473,-0.10356281014136587,0.018872593975107144,True,False,"[0, 1, 2, 3, 0, 1, 3, 2, 0, 2, 0, 1, 3, 0, 2, 1, 1, 1, 0, 3, 3, 0, 2, 0, 1, 1, 3, 0, 1, 0, 1, 1, 0, 3, 3, 3, 0, 3, 3, 3, 1, 1, 1, 1, 1, 0, 2, 3, 3, 2, 3, 1, 1, 0, 2, 2, 2, 0, 2, 0, 1, 1, 2, 1, 1, 1, 2, 3, 3, 3, 0, 0, 0, 3, 3, 0, 1, 3, 3, 0, 1, 2, 3, 1, 1, 3, 1, 2, 3, 1, 1, 3, 0, 2, 0, 0, 2, 3, 2, 1, 2, 2, 3, 2, 2, 0, 0, 0, 0, 3, 2, 3, 2, 3, 1, 1, 1, 1, 0, 1, 1, 1, 3, 1, 2, 0, 0, 2, 3, 3, 3, 0, 1, 0, 0, 0, 2, 2, 0, 1, 1, 2, 0, 2, 3, 1, 1, 2, 3, 0, 0, 0, 3, 1, 2, 1, 3, 0, 0, 0, 1, 1, 3, 2, 2, 3, 1, 0, 0, 3, 2, 3, 2, 0, 1, 0, 3, 3, 0, 2, 3, 3, 3, 3, 0, 0, 1, 1, 3, 2, 0, 3, 3, 2, 2, 2, 2, 3, 0, 1, 2, 1, 3, 3, 1, 0, 1, 2, 2, 0, 2, 0, 3, 3, 0, 2, 1, 0, 3, 2, 3, 2, 2, 1, 2, 2, 1, 3, 0, 2, 0, 3, 0, 2, 1, 3, 1, 0, 1, 2, 0, 2, 3, 0, 2, 2, 2, 1, 1, 2, 3, 0, 0, 1, 3, 0, 3, 0, 1, 1, 2, 2, 0, 2, 3, 3, 1, 2, 3, 1, 2, 0, 1, 2, 2, 2, 1, 3, 0, 0, 1, 1, 2, 3, 0, 0, 2, 2, 0, 1, 0, 1, 2, 3, 0, 1, 0, 2, 0, 3, 0, 2, 2, 1, 3, 2, 1, 1, 1, 1, 1, 2, 2, 0, 2, 0, 2, 2, 3, 2, 2, 0, 1, 0, 0, 0, 3, 3, 1, 0, 1, 0, 2, 1, 2, 1, 3, 1, 1, 2, 2, 3, 2, 0, 2, 2, 2, 3, 3, 1, 1, 2, 0, 0, 2, 1, 3, 3, 1, 0, 0, 0, 0, 1, 0, 3, 2, 1, 3, 1, 1, 2, 2, 0, 1, 1, 0, 0, 3, 1, 2, 0, 2, 3, 3, 0, 2, 3, 2, 3, 2, 1, 2, 2, 1, 0, 3, 2, 0, 0, 1, 0, 2, 1, 1, 2, 2, 0, 3, 1, 1, 2, 1, 3, 2, 1, 2, 1, 2, 1, 1, 0, 3, 1, 0, 0, 1, 0, 2, 2, 2, 1, 0, 1, 3, 1, 3, 2, 3, 3, 2, 1, 0, 3, 2, 3, 0, 1, 3, 3, 0, 2, 1, 3, 0, 2, 0, 1, 3, 0, 0, 2, 2, 1, 0, 2, 0, 2, 1, 1, 1, 0, 2, 0, 2, 1, 0, 1, 3, 0, 0, 3, 1, 1, 0, 3, 3, 3, 0, 2, 0, 3, 2, 3, 0, 0, 3, 3, 3, 0, 3, 1, 0, 1, 1, 3, 0, 3, 2, 1, 1, 3, 0, 3, 2, 0, 1, 0, 0, 3, 2, 3, 2, 1, 0, 3, 2, 2, 2, 2, 3, 3, 1, 3, 2, 0, 0, 0, 3, 2, 3, 2, 1, 0, 3, 1, 2, 1, 2, 3, 3, 0, 3, 2, 0, 0, 1, 1, 3, 3, 2, 1, 2, 3, 3, 0, 2, 3, 3, 3, 0, 0, 1, 0, 3, 1, 1, 3, 3, 0, 2, 3, 2, 0, 0, 1, 2, 1, 1, 2, 3, 0, 2, 3, 0, 3, 1, 2, 1, 0, 3, 2, 2, 0, 2, 1, 3, 2, 0, 2, 3, 0, 3, 0, 1, 3, 3, 0, 0, 2, 1, 3, 3, 0, 1, 3, 1, 1, 1, 2, 1, 3, 3, 1, 2, 1, 3, 3, 0, 0, 3, 3, 1, 2, 3, 2, 3, 2, 1, 2, 3, 3, 3, 0, 3, 2, 0, 0, 0, 2, 1, 1, 0, 1, 2, 2, 3, 0, 0, 0, 3, 3, 2, 0, 0, 1, 0, 0, 1, 0, 1, 0, 2, 3, 0, 3, 0, 0, 1, 1, 1, 3, 1, 3, 0, 1, 2, 1, 1, 2, 1, 1, 2, 0, 2, 2, 0, 2, 0, 2, 0, 0, 2, 1, 0, 2, 3, 1, 3, 1, 3, 2, 1, 2, 1, 3, 3, 2, 2, 3, 1, 0, 0, 1, 0, 0, 2, 1, 1, 2, 3, 0, 3, 2, 0, 1, 2, 3, 0, 1, 1, 1, 2, 3, 2, 1, 3, 2, 3, 3, 1, 2, 1, 0, 1, 3, 2, 1, 1, 2, 2, 3, 3, 1, 1, 3, 0, 1, 0, 0, 0, 3, 3, 0, 0, 3, 2, 3, 2, 0, 2, 3, 3, 0, 0, 3, 3, 0, 1, 0, 2, 1, 0, 1, 3, 1, 2, 2, 3, 0, 3, 2, 0, 1]"
xerces,19,seed19_solution072,seed19_solution072,0.7527821710999281,0.10359257575314591,0.01573249198386449,0.7593599470705795,0.7527821710999281,-0.10359257575314591,0.01573249198386449,True,False,"[0, 1, 2, 3, 0, 1, 3, 2, 0, 2, 0, 1, 3, 0, 2, 1, 1, 1, 0, 3, 3, 0, 2, 0, 1, 1, 3, 0, 1, 0, 1, 1, 0, 3, 3, 3, 0, 3, 3, 3, 1, 1, 1, 1, 1, 0, 2, 3, 3, 2, 3, 1, 1, 0, 2, 2, 2, 0, 2, 0, 1, 1, 2, 1, 1, 1, 2, 3, 3, 3, 0, 0, 0, 3, 3, 0, 1, 3, 3, 0, 1, 2, 3, 1, 1, 3, 1, 2, 3, 1, 1, 3, 0, 2, 0, 0, 2, 3, 2, 1, 2, 2, 3, 2, 2, 0, 0, 0, 0, 3, 2, 3, 2, 3, 1, 1, 1, 1, 0, 1, 1, 1, 3, 1, 2, 0, 0, 2, 3, 3, 3, 0, 1, 0, 0, 0, 2, 2, 0, 1, 1, 2, 0, 2, 3, 1, 1, 2, 3, 0, 0, 0, 3, 1, 2, 1, 3, 0, 0, 0, 1, 1, 3, 2, 2, 3, 1, 0, 0, 3, 2, 3, 2, 0, 1, 0, 3, 3, 0, 2, 3, 3, 3, 3, 0, 0, 1, 1, 3, 2, 0, 3, 3, 2, 2, 2, 2, 3, 0, 1, 2, 1, 3, 3, 1, 0, 1, 2, 2, 0, 2, 0, 3, 3, 0, 2, 1, 0, 3, 2, 3, 2, 2, 1, 2, 2, 1, 3, 0, 2, 0, 3, 0, 2, 1, 3, 1, 0, 1, 2, 0, 2, 3, 0, 2, 2, 2, 1, 1, 2, 3, 0, 0, 1, 3, 0, 3, 0, 1, 1, 2, 2, 0, 2, 3, 3, 1, 2, 3, 1, 2, 0, 1, 2, 2, 2, 1, 3, 0, 0, 1, 1, 2, 3, 0, 0, 2, 2, 0, 1, 3, 1, 2, 3, 0, 1, 0, 2, 0, 3, 0, 2, 2, 1, 3, 2, 1, 1, 1, 1, 1, 2, 2, 0, 2, 0, 2, 2, 3, 2, 2, 0, 1, 0, 0, 0, 3, 3, 1, 0, 1, 0, 2, 1, 2, 1, 3, 1, 1, 2, 2, 3, 2, 0, 2, 2, 2, 3, 3, 1, 1, 2, 0, 0, 2, 1, 3, 3, 1, 0, 0, 0, 0, 1, 0, 3, 2, 1, 3, 1, 1, 2, 2, 0, 1, 1, 0, 0, 3, 1, 2, 0, 2, 3, 3, 0, 2, 3, 2, 3, 2, 1, 2, 2, 1, 0, 3, 2, 0, 0, 1, 0, 2, 1, 1, 2, 2, 0, 3, 1, 1, 2, 1, 3, 2, 1, 2, 1, 2, 1, 1, 0, 3, 1, 0, 0, 1, 0, 2, 2, 2, 1, 0, 1, 3, 1, 3, 2, 3, 3, 2, 1, 0, 3, 2, 3, 0, 1, 3, 3, 0, 2, 1, 3, 0, 2, 0, 1, 3, 0, 0, 2, 2, 1, 0, 2, 0, 2, 1, 1, 1, 0, 2, 0, 2, 1, 0, 1, 3, 0, 0, 3, 1, 1, 0, 3, 3, 3, 0, 2, 0, 3, 2, 3, 0, 0, 3, 3, 3, 0, 3, 1, 0, 1, 1, 3, 0, 3, 2, 1, 1, 3, 0, 3, 2, 0, 1, 0, 0, 3, 2, 3, 2, 1, 0, 3, 2, 2, 2, 2, 3, 3, 1, 3, 2, 0, 0, 0, 3, 2, 3, 2, 1, 0, 3, 1, 2, 1, 2, 3, 3, 0, 3, 2, 0, 0, 1, 1, 3, 3, 2, 1, 2, 3, 3, 0, 2, 3, 3, 3, 0, 0, 1, 0, 3, 1, 1, 3, 3, 0, 2, 3, 2, 0, 0, 1, 2, 1, 1, 2, 3, 0, 2, 3, 0, 3, 1, 2, 1, 0, 3, 2, 2, 0, 2, 1, 3, 2, 0, 2, 3, 0, 3, 0, 1, 3, 3, 0, 0, 2, 1, 3, 3, 0, 1, 3, 1, 1, 1, 2, 1, 3, 3, 1, 2, 1, 3, 3, 0, 0, 3, 3, 1, 2, 3, 2, 3, 2, 1, 2, 3, 3, 3, 0, 3, 2, 0, 0, 0, 2, 1, 1, 0, 1, 2, 2, 3, 0, 0, 0, 3, 3, 2, 0, 0, 1, 0, 0, 1, 0, 1, 0, 2, 3, 0, 3, 0, 0, 1, 1, 1, 3, 1, 3, 0, 1, 2, 1, 1, 2, 1, 1, 2, 0, 2, 2, 0, 2, 0, 2, 0, 0, 2, 1, 0, 2, 3, 1, 3, 1, 3, 2, 1, 2, 1, 3, 3, 2, 2, 3, 1, 0, 0, 1, 0, 0, 2, 1, 1, 2, 3, 0, 3, 2, 0, 1, 2, 3, 1, 1, 1, 1, 2, 3, 2, 1, 3, 2, 3, 3, 1, 2, 1, 0, 1, 3, 2, 1, 1, 2, 2, 3, 3, 1, 1, 3, 0, 1, 0, 0, 0, 3, 3, 0, 0, 3, 2, 3, 2, 0, 2, 3, 3, 0, 0, 3, 3, 0, 1, 0, 2, 1, 0, 1, 3, 1, 2, 2, 3, 0, 3, 2, 0, 1]"
xerces,19,seed19_solution073,seed19_solution073,0.7534723220704529,7.951145309914608,0.8622713514671722,0.7879635699826479,0.7534723220704529,-7.951145309914608,0.8622713514671722,True,False,"[0, 0, 0, 0, 0, 0, 0, 1, 0, 0, 2, 3, 0, 0, 4, 4, 0, 0, 0, 5, 2, 0, 0, 0, 0, 0, 1, 0, 0, 0, 0, 0, 0, 0, 0, 6, 0, 0, 0, 0, 0, 0, 0, 0, 2, 0, 4, 0, 0, 0, 0, 0, 0, 2, 0, 0, 0, 0, 0, 7, 0, 0, 0, 8, 0, 7, 3, 0, 3, 0, 0, 0, 0, 0, 9, 0, 0, 0, 0, 0, 3, 0, 0, 0, 0, 0, 0, 0, 1, 0, 0, 0, 0, 0, 0, 0, 7, 0, 0, 0, 3, 0, 5, 0, 6, 0, 3, 3, 5, 10, 4, 10, 7, 10, 11, 7, 8, 7, 7, 4, 2, 10, 8, 10, 8, 11, 8, 10, 11, 7, 7, 2, 8, 10, 11, 8, 10, 10, 6, 6, 6, 12, 7, 6, 8, 6, 4, 10, 10, 9, 4, 11, 10, 10, 10, 11, 10, 4, 4, 11, 10, 11, 10, 4, 4, 2, 2, 4, 4, 6, 4, 4, 8, 10, 13, 6, 6, 14, 6, 8, 15, 10, 6, 10, 4, 4, 10, 16, 11, 15, 16, 16, 3, 15, 3, 16, 12, 9, 15, 2, 12, 3, 12, 7, 8, 5, 12, 12, 8, 16, 9, 4, 15, 9, 4, 9, 9, 8, 9, 12, 16, 12, 8, 15, 15, 15, 12, 2, 15, 15, 12, 8, 16, 11, 16, 12, 16, 15, 14, 16, 16, 8, 15, 8, 16, 4, 16, 16, 16, 16, 16, 9, 15, 9, 16, 12, 16, 8, 11, 8, 8, 14, 16, 16, 9, 16, 8, 15, 15, 12, 15, 15, 16, 8, 15, 12, 7, 8, 16, 11, 11, 6, 10, 10, 6, 4, 7, 3, 10, 7, 12, 12, 9, 5, 9, 12, 9, 9, 12, 14, 14, 13, 9, 9, 13, 13, 9, 9, 9, 17, 14, 14, 13, 12, 14, 13, 13, 14, 9, 14, 14, 10, 9, 11, 13, 5, 9, 13, 9, 14, 14, 13, 14, 7, 7, 1, 16, 12, 12, 8, 15, 12, 4, 2, 13, 16, 14, 12, 2, 2, 9, 1, 1, 7, 1, 3, 3, 7, 7, 3, 15, 5, 0, 2, 12, 8, 8, 15, 9, 16, 14, 5, 15, 7, 2, 9, 4, 15, 7, 15, 8, 12, 8, 14, 7, 14, 16, 1, 7, 1, 3, 9, 7, 3, 16, 6, 1, 15, 15, 15, 12, 6, 16, 15, 11, 3, 7, 14, 5, 10, 17, 4, 18, 17, 3, 17, 17, 18, 17, 4, 14, 5, 15, 15, 2, 8, 17, 15, 5, 13, 8, 8, 15, 16, 15, 15, 15, 8, 0, 12, 15, 1, 4, 1, 15, 5, 15, 8, 9, 5, 15, 16, 15, 2, 15, 9, 15, 8, 15, 1, 15, 10, 8, 15, 11, 11, 8, 15, 15, 7, 18, 17, 17, 16, 10, 2, 4, 4, 10, 8, 17, 14, 17, 4, 10, 4, 0, 18, 9, 19, 7, 7, 5, 18, 1, 4, 4, 15, 4, 4, 1, 1, 18, 8, 4, 2, 1, 1, 7, 4, 10, 4, 10, 10, 16, 11, 3, 3, 17, 18, 4, 18, 17, 17, 18, 17, 2, 1, 7, 16, 3, 18, 18, 0, 19, 17, 4, 17, 10, 13, 2, 1, 2, 1, 9, 18, 10, 4, 19, 15, 4, 9, 4, 2, 2, 7, 2, 1, 1, 1, 4, 10, 1, 1, 2, 1, 1, 2, 1, 2, 4, 2, 10, 10, 4, 2, 10, 1, 4, 2, 1, 9, 2, 2, 14, 10, 20, 21, 20, 20, 20, 20, 20, 20, 20, 1, 16, 20, 20, 20, 20, 20, 20, 20, 15, 20, 20, 20, 20, 4, 21, 6, 21, 20, 21, 2, 17, 22, 1, 15, 16, 14, 17, 2, 1, 17, 10, 14, 15, 1, 4, 18, 17, 7, 4, 2, 4, 2, 1, 2, 0, 1, 4, 4, 2, 2, 2, 14, 5, 5, 2, 4, 4, 8, 7, 8, 8, 10, 10, 11, 1, 22, 1, 5, 7, 4, 9, 23, 4, 24, 24, 3, 9, 25, 21, 21, 24, 23, 24, 14, 10, 4, 5, 4, 8, 4, 10, 10, 10, 4, 4, 10, 10, 4, 11, 7, 4, 11, 14, 2, 9, 1, 1, 1, 2, 1, 10, 4, 8, 4, 4, 4, 10, 10, 10, 4, 8, 1, 4, 5, 13, 17, 5, 2, 2, 4, 2, 7, 7, 4, 13, 8, 5, 9, 4, 4, 7, 3, 7, 1, 7, 7, 10, 15, 15, 8, 15, 1, 24, 2, 3, 15, 15, 1, 2, 1, 15, 8, 5, 5, 5, 6, 8, 12, 8, 15, 15, 5, 8, 1, 8, 8, 8, 9, 8, 8, 2, 11, 2, 9, 2, 2, 4, 10, 4, 4, 4, 4, 2, 4, 25, 7, 26, 26, 4, 27, 24, 4, 17, 25, 17, 14, 26, 11, 26, 23, 28, 4, 4, 2, 2, 2, 2, 2]"
xerces,19,seed19_solution074,seed19_solution074,0.7541049604601007,7.950478866133014,0.8614080318329709,0.7886373251293504,0.7541049604601007,-7.950478866133014,0.8614080318329709,True,False,"[0, 0, 0, 0, 0, 0, 0, 1, 0, 0, 2, 3, 0, 0, 4, 4, 0, 0, 0, 5, 2, 0, 0, 0, 0, 0, 1, 0, 0, 0, 0, 0, 0, 0, 0, 6, 0, 0, 0, 0, 0, 0, 0, 0, 2, 0, 4, 0, 0, 0, 0, 0, 0, 2, 0, 0, 0, 0, 0, 7, 0, 0, 0, 8, 0, 7, 3, 0, 3, 0, 0, 0, 0, 0, 9, 0, 0, 0, 0, 0, 3, 0, 0, 0, 0, 0, 0, 0, 1, 0, 0, 0, 0, 0, 0, 0, 7, 0, 0, 0, 3, 0, 5, 0, 6, 0, 3, 3, 5, 10, 4, 10, 7, 10, 11, 7, 8, 7, 7, 4, 2, 10, 8, 10, 8, 11, 8, 10, 11, 7, 7, 2, 8, 10, 11, 8, 10, 10, 6, 6, 6, 12, 7, 6, 8, 6, 4, 10, 10, 9, 4, 11, 10, 10, 10, 11, 10, 4, 4, 11, 10, 11, 10, 4, 4, 2, 2, 4, 4, 6, 4, 4, 8, 10, 13, 6, 6, 14, 6, 8, 15, 10, 6, 10, 4, 4, 10, 16, 11, 15, 16, 16, 3, 15, 3, 16, 12, 9, 15, 2, 12, 3, 12, 7, 8, 5, 12, 12, 8, 16, 9, 4, 15, 9, 4, 9, 9, 8, 9, 12, 16, 12, 8, 15, 15, 15, 12, 2, 15, 15, 12, 8, 16, 11, 16, 12, 16, 15, 14, 16, 16, 8, 15, 8, 16, 4, 16, 16, 16, 16, 16, 9, 15, 9, 16, 12, 16, 8, 11, 8, 8, 14, 16, 16, 9, 16, 8, 15, 15, 12, 15, 15, 16, 8, 15, 12, 7, 8, 16, 11, 11, 6, 10, 10, 6, 4, 7, 3, 10, 7, 12, 12, 9, 5, 9, 12, 9, 9, 12, 14, 14, 13, 9, 9, 13, 13, 9, 9, 9, 17, 14, 14, 13, 12, 14, 13, 13, 14, 9, 14, 14, 10, 9, 11, 13, 5, 9, 13, 9, 14, 14, 13, 14, 7, 7, 1, 16, 12, 12, 8, 15, 12, 4, 2, 13, 16, 14, 12, 2, 2, 9, 1, 1, 7, 1, 3, 3, 7, 7, 3, 15, 5, 0, 2, 12, 8, 8, 15, 9, 16, 14, 5, 15, 7, 2, 9, 4, 15, 7, 15, 8, 12, 8, 14, 7, 14, 16, 1, 7, 1, 3, 9, 7, 3, 16, 6, 1, 15, 15, 15, 12, 6, 16, 15, 11, 3, 7, 14, 5, 10, 17, 4, 18, 17, 3, 17, 17, 18, 17, 4, 14, 5, 15, 15, 2, 8, 17, 15, 5, 13, 8, 8, 15, 16, 15, 15, 15, 8, 0, 12, 15, 1, 4, 1, 15, 5, 15, 8, 9, 5, 15, 16, 15, 2, 15, 9, 15, 8, 15, 1, 15, 10, 8, 15, 11, 11, 8, 15, 15, 7, 18, 17, 17, 16, 10, 2, 4, 4, 10, 8, 17, 14, 17, 4, 10, 4, 0, 18, 9, 19, 7, 7, 5, 18, 1, 4, 4, 15, 4, 4, 1, 1, 18, 8, 4, 2, 1, 1, 7, 4, 10, 4, 10, 10, 16, 11, 3, 3, 17, 18, 4, 18, 17, 17, 18, 17, 2, 1, 7, 16, 3, 18, 18, 0, 19, 17, 4, 17, 10, 13, 2, 1, 2, 1, 9, 18, 10, 4, 19, 15, 4, 9, 4, 2, 2, 7, 2, 1, 1, 1, 4, 10, 1, 1, 2, 1, 1, 2, 1, 2, 4, 2, 10, 10, 4, 2, 10, 1, 4, 2, 1, 9, 2, 2, 14, 10, 20, 21, 20, 20, 20, 20, 20, 20, 20, 1, 16, 20, 20, 20, 20, 20, 20, 20, 15, 20, 20, 20, 20, 4, 21, 6, 21, 20, 21, 2, 17, 22, 1, 15, 16, 14, 17, 2, 1, 17, 10, 14, 15, 1, 4, 18, 17, 7, 4, 2, 4, 2, 1, 2, 0, 1, 4, 4, 2, 2, 2, 14, 5, 5, 2, 4, 4, 8, 7, 8, 8, 10, 10, 11, 1, 22, 1, 5, 3, 4, 9, 23, 4, 24, 24, 3, 9, 25, 21, 21, 24, 23, 24, 14, 10, 4, 5, 4, 8, 4, 10, 10, 10, 4, 4, 10, 10, 4, 11, 7, 4, 11, 14, 2, 9, 1, 1, 1, 2, 1, 10, 4, 8, 4, 4, 4, 10, 10, 10, 4, 8, 1, 4, 5, 13, 17, 5, 2, 2, 4, 2, 7, 7, 4, 13, 8, 5, 9, 4, 4, 7, 3, 7, 1, 7, 7, 10, 15, 15, 8, 15, 1, 24, 2, 3, 15, 15, 1, 2, 1, 15, 8, 5, 5, 5, 6, 8, 12, 8, 15, 15, 5, 8, 1, 8, 8, 8, 9, 8, 8, 2, 11, 2, 9, 2, 2, 4, 10, 4, 4, 4, 4, 2, 4, 25, 7, 26, 26, 4, 27, 24, 4, 17, 25, 17, 14, 26, 11, 26, 23, 28, 4, 4, 2, 2, 2, 2, 2]"
xerces,19,seed19_solution075,seed19_solution075,0.7585334291876348,8.868814995702454,0.7299158425460717,0.8149658682763332,0.7585334291876348,-8.868814995702454,0.7299158425460717,True,False,"[0, 1, 0, 0, 0, 2, 0, 3, 0, 4, 0, 4, 5, 0, 6, 7, 0, 0, 0, 8, 7, 6, 0, 0, 0, 0, 8, 9, 0, 0, 9, 5, 10, 11, 12, 10, 10, 0, 0, 0, 10, 10, 0, 0, 0, 0, 0, 4, 0, 9, 0, 3, 0, 8, 13, 13, 4, 0, 5, 6, 0, 4, 0, 0, 0, 3, 0, 0, 2, 14, 10, 0, 9, 5, 0, 11, 14, 0, 0, 0, 0, 8, 0, 15, 5, 7, 11, 1, 3, 5, 8, 0, 11, 0, 0, 0, 12, 16, 0, 0, 6, 0, 13, 16, 0, 0, 2, 11, 9, 11, 1, 16, 6, 6, 6, 5, 14, 15, 0, 9, 6, 6, 6, 6, 6, 6, 4, 2, 4, 16, 15, 8, 6, 6, 16, 6, 16, 11, 8, 6, 6, 6, 10, 6, 9, 6, 1, 5, 1, 13, 1, 6, 8, 1, 5, 1, 9, 1, 3, 6, 1, 12, 0, 1, 1, 8, 6, 1, 1, 10, 1, 1, 1, 12, 16, 10, 4, 4, 4, 7, 4, 1, 4, 1, 1, 1, 11, 2, 5, 14, 15, 10, 3, 14, 0, 2, 9, 7, 11, 11, 11, 10, 5, 1, 6, 14, 11, 15, 15, 15, 16, 7, 10, 2, 15, 15, 15, 15, 11, 2, 8, 1, 15, 9, 15, 1, 10, 15, 13, 2, 14, 5, 15, 15, 15, 15, 15, 5, 12, 15, 15, 15, 9, 15, 2, 7, 4, 11, 11, 5, 15, 11, 14, 13, 15, 15, 10, 0, 5, 14, 16, 15, 14, 15, 15, 15, 11, 14, 5, 9, 14, 14, 16, 7, 6, 11, 15, 15, 15, 9, 6, 6, 6, 6, 6, 3, 2, 2, 7, 2, 13, 13, 12, 14, 13, 13, 12, 5, 3, 4, 7, 3, 16, 14, 16, 16, 10, 16, 16, 8, 16, 16, 16, 16, 11, 8, 16, 16, 16, 11, 13, 16, 14, 5, 12, 14, 11, 2, 1, 16, 14, 16, 10, 7, 2, 9, 2, 15, 14, 6, 7, 11, 6, 7, 17, 10, 12, 14, 8, 14, 2, 2, 2, 2, 2, 4, 7, 2, 2, 1, 14, 14, 0, 14, 14, 14, 8, 14, 16, 2, 12, 14, 0, 6, 11, 5, 1, 6, 16, 14, 1, 7, 6, 2, 2, 13, 5, 2, 6, 2, 2, 3, 2, 2, 13, 4, 3, 5, 9, 4, 4, 6, 2, 4, 4, 3, 12, 18, 18, 18, 1, 16, 18, 0, 18, 14, 18, 18, 18, 7, 18, 15, 14, 16, 7, 11, 18, 4, 14, 16, 14, 14, 14, 8, 7, 14, 14, 14, 13, 7, 14, 6, 8, 0, 5, 12, 4, 7, 14, 14, 4, 12, 11, 2, 12, 14, 14, 14, 14, 8, 1, 14, 14, 14, 14, 5, 11, 14, 14, 4, 15, 18, 3, 2, 1, 10, 13, 7, 15, 1, 5, 18, 18, 1, 0, 15, 0, 12, 13, 12, 12, 6, 12, 18, 8, 16, 1, 9, 7, 13, 10, 11, 18, 8, 16, 6, 8, 8, 8, 1, 1, 1, 1, 1, 2, 5, 9, 16, 18, 18, 0, 5, 3, 18, 5, 18, 14, 5, 6, 2, 4, 10, 18, 0, 9, 18, 9, 18, 1, 16, 7, 8, 8, 8, 18, 18, 1, 1, 19, 9, 10, 13, 12, 8, 8, 12, 0, 8, 16, 4, 7, 1, 9, 8, 13, 8, 8, 9, 0, 8, 7, 9, 1, 16, 1, 1, 1, 1, 1, 11, 5, 17, 3, 8, 9, 1, 20, 20, 20, 20, 5, 20, 3, 20, 20, 3, 2, 20, 20, 11, 20, 20, 20, 1, 20, 1, 2, 20, 20, 7, 10, 10, 10, 10, 10, 8, 18, 21, 8, 14, 14, 12, 6, 7, 8, 16, 0, 18, 17, 8, 14, 9, 9, 6, 6, 10, 1, 13, 3, 8, 18, 8, 15, 7, 4, 7, 10, 13, 9, 14, 13, 11, 7, 11, 6, 15, 6, 10, 6, 14, 8, 21, 14, 14, 18, 8, 6, 4, 1, 22, 14, 22, 0, 22, 11, 5, 14, 22, 1, 22, 1, 10, 14, 1, 1, 7, 1, 1, 16, 12, 1, 0, 13, 16, 1, 1, 4, 6, 18, 9, 13, 6, 4, 9, 8, 11, 9, 1, 8, 1, 1, 1, 5, 1, 15, 1, 9, 13, 14, 8, 16, 18, 1, 7, 5, 5, 7, 6, 18, 9, 16, 1, 14, 13, 1, 9, 14, 6, 13, 5, 18, 9, 2, 5, 1, 2, 14, 3, 23, 14, 2, 14, 4, 4, 3, 7, 12, 2, 2, 14, 6, 10, 6, 14, 10, 14, 14, 14, 14, 2, 2, 15, 14, 7, 15, 15, 8, 5, 1, 7, 7, 6, 11, 1, 9, 3, 8, 7, 1, 1, 24, 5, 25, 25, 6, 11, 0, 3, 12, 8, 5, 25, 16, 0, 25, 14, 0, 7, 7, 13, 14, 2, 12, 11]"
xerces,19,seed19_solution077,seed19_solution077,0.7883249460819555,9.529670702868138,1.221332894654683,0.8401122345475949,0.7883249460819555,-9.529670702868138,1.221332894654683,True,False,"[0, 0, 1, 0, 0, 2, 0, 0, 2, 0, 0, 0, 0, 2, 1, 3, 4, 0, 0, 3, 3, 0, 1, 0, 1, 0, 4, 0, 0, 0, 3, 0, 0, 1, 0, 0, 0, 0, 1, 0, 0, 0, 0, 0, 0, 0, 0, 0, 3, 0, 0, 0, 0, 1, 0, 2, 0, 0, 0, 0, 0, 1, 0, 5, 0, 0, 0, 0, 0, 0, 0, 0, 0, 1, 4, 0, 0, 0, 6, 0, 0, 0, 0, 2, 5, 0, 0, 0, 6, 0, 7, 8, 7, 0, 9, 0, 0, 0, 0, 0, 0, 0, 1, 0, 1, 10, 1, 5, 8, 2, 4, 3, 0, 7, 8, 1, 7, 0, 9, 0, 11, 1, 4, 3, 10, 1, 12, 0, 1, 1, 1, 2, 2, 7, 0, 2, 13, 1, 1, 9, 3, 2, 1, 0, 2, 1, 3, 4, 2, 4, 1, 1, 7, 1, 2, 4, 3, 3, 1, 2, 4, 3, 1, 1, 1, 0, 1, 1, 1, 1, 2, 0, 8, 3, 13, 6, 4, 1, 9, 1, 9, 2, 9, 0, 0, 1, 1, 14, 3, 2, 6, 2, 2, 5, 10, 2, 0, 10, 0, 15, 10, 9, 3, 7, 10, 12, 1, 4, 10, 1, 1, 4, 12, 12, 10, 0, 12, 7, 10, 11, 6, 6, 12, 1, 10, 10, 6, 1, 11, 9, 0, 10, 10, 3, 10, 12, 0, 10, 10, 10, 12, 4, 7, 0, 10, 14, 2, 2, 10, 1, 1, 7, 0, 5, 6, 3, 4, 3, 0, 12, 0, 6, 10, 12, 6, 1, 6, 1, 14, 14, 1, 2, 2, 6, 6, 1, 6, 0, 12, 0, 12, 2, 12, 9, 12, 3, 4, 6, 1, 11, 13, 15, 15, 16, 4, 15, 13, 16, 4, 0, 1, 6, 10, 13, 1, 1, 14, 0, 2, 0, 16, 12, 13, 2, 0, 13, 10, 14, 3, 5, 1, 10, 0, 1, 2, 1, 5, 13, 13, 1, 14, 13, 2, 7, 4, 3, 7, 1, 16, 3, 1, 12, 0, 1, 14, 6, 14, 12, 3, 5, 1, 16, 2, 7, 2, 1, 2, 0, 0, 1, 6, 0, 12, 1, 2, 4, 6, 2, 11, 6, 3, 0, 9, 11, 4, 3, 4, 1, 6, 14, 6, 6, 0, 2, 1, 2, 7, 2, 0, 4, 5, 16, 0, 0, 16, 0, 1, 6, 15, 5, 9, 2, 7, 4, 0, 0, 6, 2, 15, 0, 15, 5, 15, 15, 15, 0, 0, 9, 0, 4, 9, 14, 6, 1, 2, 1, 1, 6, 14, 12, 0, 3, 0, 2, 12, 2, 0, 16, 3, 4, 5, 4, 5, 3, 12, 0, 12, 3, 6, 6, 11, 4, 12, 4, 0, 14, 8, 6, 1, 2, 14, 15, 0, 14, 12, 6, 14, 6, 2, 15, 13, 3, 0, 1, 17, 4, 3, 7, 2, 7, 2, 15, 15, 3, 1, 3, 17, 0, 17, 17, 17, 17, 17, 18, 1, 12, 7, 0, 1, 2, 1, 3, 0, 0, 4, 4, 2, 11, 4, 1, 1, 2, 1, 6, 7, 7, 9, 2, 13, 13, 5, 0, 15, 5, 1, 13, 2, 4, 11, 4, 1, 3, 5, 0, 7, 1, 3, 15, 0, 2, 3, 3, 3, 3, 3, 15, 1, 1, 0, 6, 12, 0, 1, 1, 1, 15, 0, 1, 3, 4, 1, 3, 1, 4, 11, 0, 12, 1, 2, 1, 4, 1, 3, 0, 4, 3, 0, 3, 2, 1, 2, 15, 0, 1, 1, 1, 1, 18, 18, 18, 19, 18, 10, 1, 0, 18, 0, 3, 2, 2, 12, 19, 0, 0, 18, 18, 18, 0, 1, 1, 1, 4, 19, 15, 1, 4, 15, 20, 0, 12, 5, 17, 0, 2, 0, 15, 7, 10, 15, 4, 2, 1, 14, 9, 0, 8, 5, 1, 4, 2, 15, 4, 0, 3, 1, 1, 11, 4, 2, 14, 2, 1, 1, 12, 0, 0, 4, 1, 7, 9, 7, 20, 3, 4, 15, 3, 16, 18, 0, 21, 21, 21, 0, 21, 21, 2, 21, 9, 4, 21, 1, 1, 4, 4, 1, 4, 3, 1, 1, 2, 3, 0, 0, 1, 2, 1, 1, 1, 5, 7, 0, 3, 11, 1, 1, 3, 2, 1, 8, 3, 4, 3, 9, 1, 3, 3, 1, 3, 1, 2, 11, 1, 2, 1, 2, 2, 2, 2, 14, 5, 4, 1, 5, 12, 2, 4, 0, 12, 7, 2, 15, 9, 1, 2, 12, 4, 3, 14, 7, 12, 11, 2, 1, 2, 1, 2, 1, 9, 0, 2, 1, 3, 0, 0, 14, 6, 1, 0, 6, 1, 0, 2, 1, 3, 3, 4, 8, 5, 1, 5, 0, 2, 2, 4, 6, 2, 2, 2, 12, 3, 22, 1, 4, 22, 0, 2, 5, 2, 3, 23, 22, 1, 2, 0, 4, 22, 12, 15, 2, 1, 2, 1, 3, 2]"
xerces,19,seed19_solution078,seed19_solution078,0.7958590941768512,9.15222102592679,1.0838375067521917,0.8549637299007018,0.7958590941768512,-9.15222102592679,1.0838375067521917,True,False,"[0, 0, 0, 1, 0, 0, 0, 0, 0, 2, 2, 0, 0, 3, 2, 1, 4, 3, 0, 5, 1, 0, 2, 0, 6, 2, 7, 5, 0, 2, 1, 0, 8, 8, 0, 2, 0, 9, 0, 0, 0, 0, 0, 1, 2, 0, 0, 0, 2, 0, 0, 0, 0, 0, 0, 10, 0, 0, 0, 0, 11, 0, 0, 0, 0, 3, 0, 2, 2, 1, 0, 1, 0, 0, 2, 0, 2, 0, 3, 12, 0, 2, 0, 13, 0, 1, 2, 0, 0, 13, 0, 3, 0, 0, 2, 0, 14, 0, 3, 2, 2, 0, 11, 0, 0, 0, 7, 2, 0, 0, 2, 1, 11, 8, 2, 11, 2, 4, 4, 2, 4, 4, 1, 1, 2, 0, 0, 11, 4, 4, 13, 4, 15, 2, 0, 4, 13, 6, 4, 2, 4, 4, 4, 0, 13, 13, 6, 6, 11, 4, 2, 1, 1, 2, 2, 2, 2, 2, 2, 1, 6, 6, 2, 2, 1, 7, 4, 2, 2, 4, 2, 0, 6, 6, 1, 2, 8, 8, 15, 5, 5, 6, 7, 1, 2, 4, 2, 9, 2, 12, 9, 8, 7, 7, 2, 12, 12, 1, 8, 2, 12, 1, 2, 0, 2, 0, 0, 16, 9, 2, 14, 6, 2, 2, 13, 9, 3, 9, 0, 7, 9, 4, 9, 9, 2, 9, 2, 1, 0, 0, 15, 9, 9, 2, 15, 0, 9, 9, 14, 8, 2, 4, 2, 0, 17, 13, 6, 9, 0, 9, 9, 9, 0, 2, 2, 4, 9, 9, 13, 5, 15, 9, 11, 9, 9, 0, 0, 0, 4, 15, 1, 2, 9, 10, 7, 9, 7, 6, 2, 1, 4, 1, 0, 8, 0, 0, 3, 2, 2, 1, 2, 10, 6, 7, 0, 10, 12, 12, 12, 10, 10, 2, 9, 5, 4, 2, 14, 10, 14, 2, 12, 14, 10, 14, 8, 14, 14, 5, 2, 13, 0, 0, 10, 14, 16, 0, 9, 8, 7, 10, 14, 10, 2, 0, 8, 1, 7, 7, 1, 15, 2, 12, 2, 0, 15, 8, 0, 7, 2, 0, 3, 3, 1, 3, 3, 12, 9, 0, 3, 4, 7, 18, 7, 6, 7, 5, 1, 7, 13, 6, 14, 0, 0, 3, 0, 7, 2, 9, 13, 7, 7, 2, 7, 13, 3, 0, 3, 5, 7, 2, 1, 2, 3, 13, 4, 0, 5, 0, 0, 8, 1, 15, 3, 8, 14, 11, 17, 17, 17, 17, 12, 1, 17, 2, 2, 17, 17, 17, 17, 4, 2, 1, 13, 1, 0, 0, 2, 15, 7, 1, 13, 7, 7, 17, 1, 13, 7, 15, 0, 15, 4, 13, 17, 2, 7, 0, 2, 2, 9, 13, 15, 14, 15, 3, 7, 0, 13, 15, 1, 8, 7, 15, 0, 2, 7, 0, 3, 8, 15, 17, 0, 17, 2, 2, 7, 1, 2, 0, 2, 0, 13, 17, 17, 2, 2, 10, 18, 18, 0, 2, 12, 7, 11, 11, 13, 0, 0, 0, 1, 3, 7, 7, 2, 9, 0, 0, 15, 0, 0, 0, 2, 6, 1, 2, 3, 3, 12, 3, 14, 2, 0, 17, 17, 17, 1, 14, 5, 7, 0, 7, 13, 17, 0, 0, 19, 11, 0, 2, 1, 2, 15, 13, 0, 11, 0, 17, 2, 1, 2, 2, 0, 6, 4, 4, 1, 17, 7, 0, 13, 1, 0, 6, 2, 4, 0, 1, 1, 13, 7, 6, 7, 6, 9, 1, 2, 2, 1, 2, 1, 2, 0, 10, 8, 2, 12, 7, 19, 3, 8, 4, 0, 19, 14, 6, 2, 3, 2, 20, 20, 9, 20, 20, 20, 17, 20, 20, 19, 20, 20, 2, 18, 1, 21, 21, 1, 7, 14, 22, 2, 2, 10, 4, 1, 1, 13, 17, 0, 15, 2, 2, 0, 1, 2, 2, 1, 3, 12, 8, 4, 1, 2, 13, 4, 4, 1, 4, 7, 17, 2, 13, 11, 4, 6, 4, 4, 4, 3, 1, 13, 2, 13, 22, 4, 13, 13, 13, 4, 5, 13, 20, 20, 13, 0, 23, 15, 13, 15, 13, 13, 10, 23, 2, 5, 13, 4, 1, 2, 13, 13, 2, 6, 15, 2, 17, 4, 17, 2, 1, 17, 7, 13, 15, 1, 13, 17, 9, 12, 1, 1, 1, 5, 9, 4, 2, 2, 6, 15, 1, 2, 5, 17, 0, 13, 15, 6, 1, 1, 2, 1, 2, 7, 2, 1, 15, 11, 12, 3, 15, 3, 1, 17, 10, 3, 7, 1, 4, 8, 7, 16, 1, 3, 13, 9, 3, 3, 13, 15, 7, 6, 15, 15, 7, 15, 5, 15, 4, 7, 14, 14, 1, 1, 10, 15, 9, 9, 13, 2, 5, 4, 1, 15, 1, 15, 13, 1, 1, 1, 1, 1, 4, 3, 10, 13, 16, 6, 1, 2, 1, 24, 1, 3, 4, 16, 24, 24, 15, 21, 1, 4, 14, 1, 15, 1, 5]"
xerces,19,seed19_solution079,seed19_solution079,0.8255930984902947,0.2602748737209085,0.6922252868295236,0.8848465118676092,0.8255930984902947,-0.2602748737209085,0.6922252868295236,True,False,"[0, 1, 0, 0, 0, 0, 2, 0, 2, 0, 0, 0, 1, 3, 4, 3, 0, 0, 0, 5, 6, 7, 0, 0, 0, 0, 8, 0, 9, 0, 10, 0, 11, 2, 12, 13, 0, 0, 12, 2, 0, 7, 6, 14, 0, 0, 15, 0, 16, 16, 5, 0, 1, 0, 11, 0, 17, 18, 5, 0, 0, 19, 1, 20, 21, 2, 17, 0, 2, 0, 0, 0, 0, 9, 0, 8, 0, 0, 0, 0, 0, 20, 15, 22, 0, 0, 4, 7, 23, 0, 0, 5, 0, 0, 0, 24, 9, 25, 26, 1, 27, 0, 12, 0, 11, 2, 3, 25, 27, 12, 1, 4, 0, 4, 21, 17, 28, 4, 3, 29, 20, 30, 4, 0, 4, 4, 12, 4, 17, 4, 4, 9, 21, 31, 23, 28, 4, 4, 4, 3, 4, 25, 29, 18, 4, 21, 3, 1, 4, 15, 30, 5, 15, 18, 1, 4, 3, 8, 7, 4, 32, 24, 33, 29, 8, 22, 17, 1, 12, 4, 14, 14, 4, 28, 1, 6, 17, 22, 28, 17, 17, 2, 6, 1, 14, 30, 4, 5, 13, 5, 6, 21, 7, 13, 21, 17, 31, 33, 23, 19, 6, 20, 7, 29, 6, 5, 5, 6, 6, 30, 6, 15, 24, 15, 20, 30, 23, 26, 4, 5, 8, 19, 17, 6, 23, 6, 23, 3, 3, 32, 28, 34, 23, 10, 25, 6, 14, 6, 6, 16, 25, 6, 33, 6, 10, 31, 6, 6, 6, 6, 12, 6, 33, 20, 18, 24, 6, 23, 7, 32, 23, 20, 14, 6, 6, 7, 5, 5, 20, 8, 23, 31, 23, 13, 5, 17, 21, 6, 6, 5, 11, 13, 25, 17, 11, 1, 2, 2, 12, 28, 23, 6, 23, 1, 23, 30, 7, 23, 23, 30, 30, 13, 20, 30, 21, 8, 7, 8, 15, 2, 8, 8, 7, 8, 8, 8, 8, 9, 5, 35, 8, 2, 36, 8, 11, 8, 12, 8, 8, 30, 8, 8, 6, 17, 13, 6, 2, 12, 5, 27, 6, 11, 11, 11, 25, 23, 5, 9, 11, 9, 2, 2, 0, 12, 2, 2, 30, 12, 23, 2, 2, 5, 5, 5, 17, 18, 5, 5, 7, 8, 6, 10, 5, 2, 6, 23, 28, 28, 32, 5, 5, 5, 6, 2, 9, 20, 2, 2, 2, 8, 2, 23, 9, 3, 30, 12, 5, 5, 5, 24, 17, 17, 2, 18, 17, 18, 10, 19, 23, 20, 34, 13, 13, 13, 13, 17, 5, 28, 20, 36, 13, 5, 32, 18, 11, 5, 36, 1, 5, 5, 12, 5, 14, 29, 4, 5, 24, 14, 22, 21, 5, 22, 9, 22, 5, 6, 22, 5, 23, 10, 26, 12, 24, 24, 14, 20, 5, 0, 20, 22, 5, 36, 27, 8, 11, 18, 14, 5, 20, 3, 12, 13, 13, 1, 12, 22, 6, 1, 16, 34, 9, 4, 17, 1, 13, 1, 10, 23, 20, 20, 2, 10, 1, 20, 37, 11, 1, 16, 11, 1, 2, 22, 10, 18, 22, 22, 22, 22, 2, 13, 32, 1, 1, 1, 2, 23, 13, 15, 13, 7, 7, 13, 13, 10, 10, 19, 16, 22, 8, 8, 31, 13, 10, 0, 20, 7, 8, 20, 5, 1, 11, 13, 22, 22, 7, 20, 1, 19, 14, 33, 24, 1, 1, 22, 24, 9, 3, 5, 21, 15, 8, 1, 22, 13, 22, 5, 22, 31, 22, 19, 29, 26, 1, 24, 1, 1, 3, 1, 1, 6, 21, 3, 34, 2, 36, 11, 27, 20, 14, 30, 14, 27, 29, 30, 19, 23, 25, 30, 27, 37, 27, 12, 30, 12, 22, 14, 20, 30, 14, 18, 7, 9, 37, 13, 18, 18, 10, 15, 8, 5, 32, 28, 22, 20, 22, 10, 23, 28, 2, 22, 26, 0, 13, 12, 11, 30, 1, 9, 22, 11, 13, 2, 15, 10, 11, 11, 33, 15, 14, 5, 15, 27, 11, 28, 34, 32, 16, 25, 32, 14, 22, 15, 22, 22, 10, 22, 4, 14, 10, 1, 27, 11, 15, 27, 27, 27, 16, 8, 10, 36, 1, 1, 12, 1, 1, 1, 2, 1, 30, 1, 0, 5, 1, 27, 4, 16, 9, 6, 8, 0, 11, 22, 22, 5, 11, 22, 1, 4, 24, 1, 9, 1, 4, 1, 1, 8, 12, 22, 1, 22, 10, 25, 17, 3, 20, 1, 11, 1, 10, 1, 1, 32, 1, 11, 0, 1, 9, 2, 2, 22, 20, 4, 17, 5, 23, 5, 23, 25, 17, 35, 26, 23, 5, 12, 22, 22, 16, 23, 25, 33, 32, 22, 5, 5, 30, 10, 5, 5, 9, 2, 5, 17, 33, 23, 23, 12, 14, 1, 10, 1, 16, 11, 7, 22, 11, 11, 7, 11, 11, 32, 13, 19, 18, 7, 11, 29, 19, 21, 21, 19, 16, 7, 17, 21, 2, 21, 6, 11, 18, 21, 11, 20, 10, 30]"
xerces,19,seed19_solution080,seed19_solution080,0.8320632638389648,9.103120331472335,1.003132751477155,0.8645847851237233,0.8320632638389648,-9.103120331472335,1.003132751477155,True,False,"[0, 0, 0, 0, 1, 0, 2, 0, 0, 3, 1, 0, 4, 0, 5, 3, 0, 6, 3, 7, 1, 5, 0, 8, 0, 0, 7, 2, 0, 6, 7, 5, 0, 9, 0, 10, 0, 7, 0, 7, 7, 0, 0, 7, 11, 0, 1, 2, 1, 0, 0, 6, 0, 11, 0, 12, 3, 0, 3, 1, 7, 3, 3, 9, 11, 6, 2, 0, 0, 13, 0, 0, 0, 5, 0, 0, 9, 7, 7, 1, 1, 0, 1, 11, 4, 0, 9, 0, 0, 0, 0, 7, 0, 7, 14, 0, 0, 0, 1, 2, 0, 1, 12, 15, 10, 0, 5, 0, 16, 0, 1, 3, 5, 10, 5, 3, 13, 8, 0, 11, 7, 0, 4, 11, 12, 0, 7, 7, 3, 3, 8, 2, 8, 12, 4, 2, 1, 9, 0, 3, 3, 3, 10, 3, 3, 3, 1, 0, 7, 16, 12, 8, 3, 11, 1, 1, 16, 13, 6, 4, 1, 1, 1, 1, 8, 10, 1, 1, 1, 10, 1, 1, 0, 1, 1, 0, 6, 1, 0, 6, 11, 1, 6, 1, 1, 2, 8, 14, 1, 4, 8, 9, 7, 2, 1, 7, 14, 11, 9, 11, 9, 1, 4, 4, 8, 15, 9, 12, 7, 0, 1, 1, 7, 8, 7, 8, 8, 13, 3, 4, 8, 8, 8, 8, 9, 1, 8, 1, 0, 14, 4, 4, 10, 11, 3, 8, 8, 8, 9, 8, 7, 8, 4, 8, 0, 11, 3, 3, 9, 1, 0, 8, 4, 8, 7, 9, 0, 0, 1, 13, 15, 8, 8, 0, 0, 0, 9, 1, 4, 2, 1, 8, 15, 11, 5, 8, 0, 8, 8, 1, 1, 1, 1, 3, 7, 2, 17, 2, 11, 11, 10, 10, 16, 1, 16, 10, 10, 0, 13, 14, 14, 14, 14, 13, 1, 1, 14, 0, 7, 11, 14, 14, 1, 8, 9, 1, 5, 14, 14, 4, 14, 12, 14, 4, 14, 13, 9, 3, 14, 2, 13, 14, 14, 7, 7, 14, 16, 8, 11, 2, 11, 4, 7, 3, 10, 1, 4, 3, 1, 13, 2, 15, 0, 11, 1, 3, 0, 0, 7, 0, 12, 4, 9, 2, 4, 13, 7, 4, 15, 0, 1, 11, 4, 5, 11, 11, 10, 5, 15, 1, 1, 9, 9, 0, 14, 13, 2, 13, 5, 16, 13, 2, 13, 11, 0, 5, 5, 9, 11, 0, 7, 5, 6, 7, 16, 6, 16, 11, 13, 1, 1, 1, 15, 16, 1, 16, 0, 1, 15, 1, 16, 4, 4, 15, 0, 9, 1, 4, 4, 4, 3, 5, 4, 4, 1, 11, 15, 2, 4, 11, 1, 11, 7, 0, 11, 0, 6, 11, 11, 6, 4, 0, 4, 7, 4, 13, 2, 4, 12, 0, 1, 7, 15, 4, 0, 3, 9, 4, 4, 16, 12, 0, 16, 0, 0, 10, 10, 1, 1, 1, 16, 16, 0, 9, 0, 7, 7, 16, 15, 11, 1, 18, 13, 1, 16, 7, 1, 0, 1, 12, 13, 11, 16, 8, 1, 5, 12, 12, 7, 1, 1, 7, 0, 16, 7, 4, 2, 11, 1, 16, 0, 16, 2, 16, 4, 1, 0, 4, 14, 7, 1, 16, 0, 1, 0, 9, 14, 16, 13, 15, 11, 0, 11, 11, 0, 0, 11, 1, 19, 2, 10, 10, 1, 8, 3, 16, 0, 11, 15, 6, 0, 10, 2, 9, 12, 13, 1, 2, 0, 1, 11, 7, 1, 15, 13, 1, 2, 1, 1, 11, 3, 16, 6, 10, 2, 1, 20, 11, 4, 1, 20, 20, 20, 20, 3, 20, 0, 5, 20, 20, 20, 20, 0, 4, 2, 1, 16, 0, 9, 16, 21, 13, 4, 0, 10, 11, 16, 22, 7, 0, 0, 7, 5, 7, 0, 0, 1, 8, 2, 11, 13, 1, 1, 10, 5, 18, 1, 12, 11, 1, 16, 7, 4, 3, 2, 13, 10, 1, 2, 4, 16, 4, 1, 8, 8, 3, 0, 3, 0, 13, 10, 22, 11, 13, 16, 0, 3, 1, 0, 17, 17, 17, 4, 20, 9, 4, 0, 0, 17, 9, 7, 4, 0, 1, 1, 11, 1, 1, 1, 7, 14, 0, 1, 15, 1, 1, 1, 1, 0, 2, 7, 5, 3, 2, 15, 9, 14, 4, 7, 7, 1, 0, 4, 0, 8, 16, 1, 11, 1, 9, 15, 0, 13, 1, 7, 7, 9, 5, 16, 1, 15, 16, 1, 12, 4, 1, 13, 14, 11, 11, 12, 2, 4, 3, 4, 16, 4, 6, 7, 11, 4, 11, 4, 7, 11, 11, 4, 14, 14, 8, 4, 4, 4, 13, 10, 16, 8, 7, 13, 1, 14, 0, 7, 8, 11, 8, 1, 5, 1, 16, 13, 7, 7, 7, 11, 2, 11, 3, 1, 7, 6, 23, 4, 15, 5, 7, 6, 1, 24, 24, 2, 16, 24, 0, 12, 13, 0, 7, 7, 1, 13, 14, 4, 9]"
xerces,19,seed19_solution081,seed19_solution081,0.8430481667864845,8.949502358538512,0.7312049219300573,0.8777004704574632,0.8430481667864845,-8.949502358538512,0.7312049219300573,True,False,"[0, 1, 2, 3, 0, 4, 0, 0, 5, 0, 0, 6, 0, 1, 2, 7, 0, 8, 6, 3, 2, 0, 6, 9, 10, 0, 1, 11, 0, 0, 0, 7, 0, 10, 12, 13, 0, 0, 3, 8, 0, 0, 0, 0, 0, 0, 2, 6, 0, 11, 7, 8, 11, 0, 0, 0, 0, 0, 9, 5, 5, 0, 6, 0, 11, 8, 6, 12, 0, 0, 14, 0, 11, 7, 15, 10, 16, 0, 0, 5, 6, 0, 0, 9, 0, 2, 10, 1, 0, 0, 0, 8, 10, 15, 0, 5, 12, 0, 1, 6, 5, 3, 15, 17, 0, 0, 16, 10, 12, 10, 15, 1, 5, 13, 1, 1, 6, 9, 6, 1, 3, 1, 7, 6, 9, 0, 6, 4, 6, 1, 1, 4, 9, 6, 17, 16, 17, 10, 3, 17, 6, 9, 13, 9, 11, 6, 8, 7, 1, 6, 1, 1, 3, 2, 7, 1, 11, 16, 7, 1, 1, 12, 0, 11, 9, 4, 1, 8, 1, 1, 2, 2, 2, 2, 2, 13, 16, 12, 16, 2, 3, 2, 5, 2, 2, 11, 10, 9, 7, 16, 9, 10, 10, 16, 0, 8, 11, 2, 10, 3, 18, 13, 8, 1, 10, 9, 10, 9, 4, 0, 9, 2, 10, 4, 2, 11, 9, 16, 15, 4, 3, 1, 3, 11, 9, 9, 13, 3, 9, 4, 9, 7, 13, 10, 10, 10, 10, 7, 12, 2, 10, 1, 11, 3, 10, 16, 6, 10, 9, 7, 9, 10, 9, 9, 9, 9, 13, 9, 1, 16, 10, 12, 9, 10, 10, 0, 10, 9, 7, 11, 9, 9, 10, 9, 16, 16, 5, 10, 1, 1, 1, 1, 1, 1, 6, 8, 6, 7, 2, 1, 8, 4, 12, 16, 12, 12, 12, 7, 12, 6, 12, 12, 10, 16, 1, 2, 15, 2, 12, 3, 3, 11, 15, 12, 15, 12, 15, 15, 15, 7, 12, 12, 15, 7, 12, 15, 15, 4, 1, 11, 16, 11, 13, 8, 16, 11, 4, 9, 16, 5, 2, 16, 16, 2, 13, 9, 12, 9, 4, 16, 8, 8, 4, 4, 4, 8, 4, 17, 4, 1, 9, 16, 0, 16, 8, 9, 3, 9, 16, 16, 12, 2, 9, 4, 10, 7, 13, 5, 17, 12, 1, 2, 5, 8, 6, 11, 8, 16, 8, 4, 16, 12, 16, 13, 8, 5, 7, 7, 11, 6, 7, 16, 4, 16, 16, 16, 19, 19, 16, 3, 1, 2, 19, 19, 19, 8, 13, 19, 4, 2, 0, 9, 16, 17, 3, 10, 19, 9, 9, 17, 9, 16, 2, 9, 16, 9, 9, 9, 15, 9, 16, 4, 3, 4, 7, 12, 16, 9, 9, 16, 16, 12, 16, 5, 16, 9, 16, 15, 16, 3, 9, 6, 17, 5, 9, 16, 9, 13, 16, 6, 19, 20, 19, 2, 6, 13, 15, 2, 9, 15, 19, 2, 0, 16, 2, 1, 0, 12, 15, 2, 21, 5, 21, 7, 4, 17, 11, 11, 1, 3, 13, 3, 11, 3, 4, 3, 9, 4, 3, 1, 3, 16, 2, 12, 4, 7, 11, 4, 19, 19, 19, 7, 8, 19, 7, 19, 16, 4, 5, 3, 6, 19, 2, 0, 18, 10, 7, 19, 16, 17, 4, 3, 16, 4, 15, 19, 1, 1, 5, 11, 13, 1, 2, 4, 6, 12, 0, 4, 17, 6, 2, 13, 11, 10, 15, 4, 3, 3, 0, 3, 4, 0, 10, 7, 1, 3, 2, 8, 13, 10, 7, 15, 4, 13, 11, 2, 0, 22, 7, 22, 7, 6, 22, 22, 22, 8, 22, 7, 22, 5, 22, 22, 8, 22, 22, 22, 4, 22, 22, 2, 9, 13, 14, 12, 14, 4, 12, 23, 3, 0, 4, 21, 5, 7, 2, 19, 0, 19, 11, 3, 16, 19, 19, 7, 3, 13, 1, 3, 8, 2, 0, 7, 2, 2, 6, 16, 13, 15, 11, 9, 15, 3, 3, 10, 6, 9, 6, 13, 7, 6, 13, 23, 3, 16, 19, 2, 1, 6, 10, 24, 24, 24, 24, 1, 10, 24, 24, 24, 1, 24, 4, 1, 16, 7, 1, 2, 1, 2, 1, 12, 4, 0, 15, 2, 1, 1, 1, 1, 19, 11, 3, 5, 3, 11, 17, 3, 2, 1, 2, 1, 16, 3, 6, 0, 9, 1, 1, 2, 16, 4, 19, 0, 16, 2, 7, 3, 10, 1, 12, 2, 17, 2, 1, 15, 7, 1, 16, 5, 15, 3, 12, 11, 3, 16, 1, 9, 9, 9, 25, 9, 4, 9, 16, 8, 3, 3, 12, 4, 9, 6, 5, 16, 16, 16, 9, 12, 10, 9, 16, 4, 4, 12, 9, 9, 9, 6, 10, 7, 1, 15, 16, 5, 3, 1, 11, 8, 3, 6, 3, 3, 11, 16, 7, 13, 2, 10, 0, 8, 12, 13, 17, 12, 17, 17, 9, 16, 0, 2, 17, 3, 16, 4, 3, 2]"
xerces,19,seed19_solution082,seed19_solution082,0.8465851905104241,11.7281246902404,1.1756018605886889,0.8513455747461306,0.8465851905104241,-11.7281246902404,1.1756018605886889,True,False,"[0, 0, 1, 1, 2, 0, 0, 0, 3, 0, 0, 2, 0, 0, 4, 1, 3, 0, 0, 0, 1, 1, 0, 5, 5, 6, 2, 0, 3, 1, 0, 0, 3, 0, 5, 3, 3, 7, 0, 0, 0, 7, 8, 4, 2, 0, 0, 0, 1, 0, 3, 0, 9, 1, 4, 8, 0, 0, 0, 6, 6, 6, 0, 6, 0, 1, 1, 0, 0, 1, 3, 2, 0, 4, 4, 0, 6, 0, 10, 5, 1, 9, 0, 1, 3, 7, 0, 1, 0, 0, 1, 0, 0, 1, 0, 0, 6, 0, 0, 1, 7, 0, 1, 6, 10, 4, 3, 6, 11, 4, 3, 6, 7, 6, 1, 4, 1, 1, 0, 0, 8, 1, 5, 1, 0, 0, 0, 6, 10, 6, 1, 4, 3, 2, 6, 1, 1, 12, 1, 1, 1, 3, 4, 0, 1, 1, 6, 2, 6, 6, 5, 1, 2, 5, 3, 12, 4, 1, 2, 3, 5, 0, 1, 1, 1, 5, 1, 1, 1, 5, 3, 5, 7, 5, 2, 0, 1, 7, 1, 9, 1, 1, 0, 0, 8, 1, 0, 3, 1, 3, 1, 4, 1, 4, 5, 2, 6, 3, 6, 4, 5, 5, 0, 2, 9, 6, 0, 2, 2, 3, 1, 1, 1, 5, 13, 0, 5, 5, 9, 8, 0, 1, 7, 1, 3, 6, 10, 1, 0, 7, 6, 0, 4, 7, 3, 1, 1, 2, 3, 2, 10, 5, 1, 2, 4, 0, 1, 1, 0, 3, 5, 0, 14, 7, 12, 7, 5, 1, 5, 6, 0, 1, 4, 4, 1, 1, 4, 3, 7, 1, 5, 2, 3, 1, 7, 3, 1, 0, 0, 1, 0, 0, 1, 6, 3, 2, 5, 2, 1, 6, 9, 1, 5, 9, 3, 12, 9, 2, 5, 2, 3, 7, 10, 0, 2, 1, 2, 0, 0, 3, 3, 12, 3, 5, 10, 0, 3, 2, 2, 6, 1, 11, 0, 1, 11, 7, 0, 3, 0, 1, 10, 4, 12, 8, 3, 3, 9, 0, 1, 0, 0, 1, 1, 5, 8, 0, 0, 0, 5, 6, 3, 0, 1, 1, 4, 6, 8, 1, 0, 1, 5, 0, 6, 9, 6, 5, 8, 5, 0, 12, 2, 0, 5, 3, 8, 2, 1, 6, 1, 0, 4, 12, 0, 7, 10, 6, 8, 1, 2, 4, 0, 12, 4, 10, 0, 0, 7, 1, 4, 0, 0, 3, 5, 5, 0, 9, 1, 0, 3, 5, 1, 5, 2, 5, 8, 0, 5, 1, 12, 2, 8, 4, 10, 6, 3, 1, 0, 1, 4, 1, 1, 2, 6, 9, 1, 9, 3, 1, 5, 3, 1, 3, 3, 0, 1, 6, 2, 3, 0, 1, 8, 3, 1, 6, 0, 8, 1, 5, 5, 4, 1, 5, 0, 3, 0, 0, 1, 0, 1, 1, 3, 1, 0, 5, 9, 0, 5, 10, 0, 4, 5, 0, 0, 3, 4, 5, 3, 12, 1, 0, 4, 5, 15, 2, 6, 12, 10, 0, 14, 1, 1, 0, 1, 0, 0, 12, 2, 0, 4, 3, 1, 3, 4, 4, 4, 5, 9, 1, 3, 0, 5, 4, 1, 2, 1, 0, 3, 2, 3, 0, 1, 1, 5, 5, 4, 3, 14, 8, 3, 2, 2, 5, 2, 3, 1, 1, 5, 1, 0, 5, 1, 0, 5, 1, 1, 3, 1, 0, 3, 7, 0, 2, 5, 5, 0, 3, 9, 10, 3, 3, 0, 3, 2, 4, 3, 6, 0, 7, 0, 1, 3, 1, 0, 0, 1, 3, 1, 0, 0, 16, 12, 6, 11, 3, 4, 3, 1, 1, 1, 4, 16, 0, 0, 1, 16, 3, 12, 4, 1, 1, 6, 0, 0, 13, 0, 2, 12, 17, 11, 0, 7, 1, 6, 5, 3, 0, 4, 0, 0, 10, 3, 3, 1, 3, 0, 6, 6, 8, 4, 1, 5, 3, 0, 1, 3, 8, 4, 10, 1, 2, 1, 1, 6, 0, 6, 0, 3, 1, 4, 3, 4, 17, 3, 6, 10, 3, 3, 18, 3, 1, 5, 2, 1, 5, 4, 18, 1, 1, 5, 4, 6, 6, 9, 2, 3, 1, 1, 3, 1, 3, 5, 0, 0, 1, 4, 1, 1, 1, 8, 8, 0, 1, 12, 7, 4, 3, 2, 1, 9, 8, 2, 0, 2, 0, 10, 3, 1, 10, 1, 12, 8, 0, 1, 10, 3, 14, 9, 0, 0, 6, 1, 3, 6, 3, 4, 3, 8, 4, 9, 3, 8, 9, 3, 0, 14, 5, 9, 1, 0, 5, 3, 3, 1, 1, 1, 4, 9, 9, 0, 3, 1, 7, 9, 1, 0, 14, 4, 0, 5, 1, 0, 3, 7, 9, 1, 5, 7, 1, 8, 3, 2, 7, 3, 5, 10, 15, 3, 2, 1, 3, 6, 3, 6, 5, 15, 10, 7, 0, 5, 1, 0, 7, 3, 0, 5, 3, 10, 1, 0, 9, 3, 15, 0, 14]"
xerces,19,seed19_solution083,seed19_solution083,0.8487706685837527,12.249630162979658,1.2353763396641022,0.848442199719754,0.8487706685837527,-12.249630162979658,1.2353763396641022,True,False,"[0, 0, 0, 1, 2, 2, 0, 0, 3, 0, 0, 4, 1, 1, 3, 2, 0, 0, 0, 0, 5, 0, 2, 5, 1, 5, 1, 0, 0, 6, 2, 0, 0, 2, 5, 6, 0, 2, 0, 0, 0, 4, 0, 2, 2, 2, 1, 0, 6, 0, 6, 6, 2, 1, 0, 7, 1, 0, 0, 0, 2, 5, 0, 8, 1, 6, 0, 1, 1, 1, 4, 1, 0, 3, 2, 0, 8, 0, 9, 5, 1, 10, 2, 11, 0, 1, 0, 1, 2, 3, 1, 1, 8, 0, 2, 0, 0, 1, 12, 0, 0, 0, 1, 1, 5, 0, 1, 8, 0, 0, 1, 2, 1, 5, 1, 3, 5, 0, 0, 0, 0, 8, 2, 1, 0, 0, 0, 5, 0, 4, 11, 0, 11, 1, 0, 1, 0, 0, 1, 1, 1, 11, 5, 0, 4, 0, 1, 5, 0, 9, 6, 11, 1, 0, 1, 5, 9, 6, 1, 2, 1, 0, 1, 1, 4, 0, 1, 1, 1, 5, 1, 13, 0, 8, 5, 5, 1, 7, 1, 1, 2, 1, 0, 4, 1, 1, 0, 14, 6, 15, 11, 4, 3, 5, 1, 14, 14, 2, 0, 4, 0, 1, 0, 4, 3, 1, 1, 4, 4, 0, 1, 1, 15, 14, 5, 0, 6, 5, 15, 10, 2, 1, 11, 4, 8, 15, 6, 1, 0, 14, 0, 0, 5, 6, 5, 1, 0, 6, 2, 1, 1, 1, 2, 0, 2, 0, 2, 15, 1, 1, 2, 11, 0, 7, 6, 0, 0, 1, 9, 15, 4, 1, 1, 1, 11, 1, 0, 6, 12, 0, 1, 4, 5, 2, 1, 11, 0, 2, 1, 1, 0, 0, 1, 2, 0, 4, 1, 15, 2, 2, 8, 1, 0, 8, 2, 6, 9, 9, 0, 0, 0, 1, 0, 0, 4, 1, 12, 4, 1, 2, 10, 0, 1, 11, 0, 0, 2, 1, 12, 6, 9, 11, 1, 1, 7, 0, 0, 0, 0, 0, 4, 2, 1, 10, 14, 2, 9, 3, 0, 1, 2, 15, 1, 6, 1, 5, 9, 15, 6, 6, 3, 16, 1, 2, 2, 1, 0, 0, 10, 1, 7, 1, 6, 4, 5, 0, 1, 0, 1, 2, 2, 0, 3, 0, 0, 4, 1, 1, 0, 1, 6, 1, 8, 8, 1, 4, 1, 13, 4, 1, 0, 6, 3, 4, 4, 0, 2, 0, 2, 0, 0, 3, 10, 4, 9, 0, 0, 0, 1, 4, 1, 16, 0, 0, 16, 2, 0, 11, 0, 4, 2, 7, 12, 1, 0, 8, 1, 1, 6, 0, 0, 1, 1, 1, 6, 4, 0, 1, 0, 1, 1, 3, 0, 0, 2, 0, 5, 0, 1, 4, 4, 1, 1, 5, 0, 13, 1, 7, 7, 0, 4, 1, 6, 1, 0, 0, 1, 5, 8, 1, 3, 0, 0, 10, 9, 5, 6, 6, 7, 3, 12, 0, 0, 4, 4, 2, 4, 9, 1, 5, 1, 0, 1, 4, 5, 0, 6, 3, 0, 1, 5, 0, 1, 2, 16, 0, 1, 2, 1, 1, 1, 2, 3, 9, 3, 3, 5, 2, 6, 2, 0, 3, 1, 1, 1, 5, 0, 12, 2, 1, 1, 5, 6, 6, 0, 4, 0, 1, 2, 16, 1, 5, 8, 4, 2, 0, 9, 1, 1, 1, 3, 1, 6, 1, 1, 2, 6, 0, 2, 2, 0, 6, 1, 8, 7, 2, 0, 4, 0, 1, 2, 1, 1, 16, 2, 5, 0, 6, 0, 1, 6, 5, 0, 1, 4, 2, 0, 0, 0, 16, 0, 4, 5, 9, 15, 1, 0, 2, 5, 3, 2, 0, 0, 12, 2, 4, 9, 3, 1, 1, 6, 5, 3, 2, 1, 2, 2, 17, 0, 10, 1, 1, 1, 6, 2, 0, 0, 11, 4, 10, 0, 0, 1, 4, 3, 0, 14, 1, 0, 1, 6, 10, 12, 2, 6, 2, 5, 5, 2, 4, 2, 1, 13, 11, 4, 1, 2, 1, 1, 2, 2, 17, 0, 1, 3, 3, 1, 13, 11, 1, 6, 15, 5, 1, 2, 2, 16, 0, 4, 3, 4, 2, 2, 4, 1, 2, 1, 15, 3, 9, 6, 0, 1, 1, 3, 2, 15, 5, 0, 5, 0, 2, 1, 1, 1, 2, 2, 2, 10, 0, 1, 10, 12, 0, 1, 9, 2, 15, 6, 8, 1, 0, 2, 9, 10, 1, 11, 1, 0, 5, 1, 0, 1, 0, 2, 2, 13, 13, 15, 4, 4, 4, 2, 15, 4, 9, 15, 6, 2, 13, 2, 15, 1, 2, 1, 2, 1, 14, 0, 2, 1, 6, 15, 1, 5, 0, 3, 0, 5, 1, 5, 0, 13, 0, 2, 6, 0, 5, 1, 9, 13, 14, 1, 1, 15, 10, 4, 4, 2, 10, 10, 2, 1, 1, 2, 11, 13, 3, 6, 2, 1, 9, 4, 4, 6, 13, 1, 1, 0, 9, 13, 14, 1, 14]"
xerces,19,seed19_solution084,seed19_solution084,0.8611646297627606,9.344636294411588,0.7549157542017666,0.8979486065344802,0.8611646297627606,-9.344636294411588,0.7549157542017666,True,False,"[0, 0, 1, 2, 0, 0, 2, 3, 0, 4, 5, 0, 6, 3, 5, 0, 7, 3, 0, 8, 1, 0, 4, 0, 5, 9, 10, 8, 0, 1, 2, 0, 9, 9, 0, 1, 0, 11, 3, 4, 9, 0, 0, 2, 3, 12, 0, 0, 0, 0, 10, 0, 12, 0, 0, 13, 0, 0, 6, 0, 4, 0, 0, 11, 0, 3, 0, 14, 0, 2, 0, 2, 12, 0, 1, 11, 0, 2, 3, 12, 4, 1, 0, 6, 0, 2, 11, 2, 0, 6, 2, 3, 11, 4, 9, 4, 14, 0, 3, 0, 1, 8, 4, 0, 5, 0, 10, 1, 0, 5, 5, 2, 4, 9, 1, 4, 2, 15, 0, 7, 4, 13, 2, 2, 2, 5, 2, 4, 6, 2, 6, 7, 15, 2, 7, 0, 6, 5, 2, 2, 16, 7, 14, 2, 6, 6, 5, 5, 4, 2, 1, 2, 2, 2, 2, 4, 5, 5, 5, 2, 5, 5, 0, 5, 2, 10, 6, 10, 5, 15, 4, 1, 5, 5, 2, 9, 8, 14, 15, 8, 8, 5, 10, 2, 5, 7, 3, 11, 6, 12, 11, 9, 10, 0, 6, 5, 12, 2, 9, 2, 6, 2, 1, 7, 9, 15, 4, 2, 7, 3, 14, 5, 9, 11, 6, 11, 3, 11, 13, 6, 4, 7, 11, 12, 16, 0, 16, 2, 11, 15, 15, 11, 0, 1, 15, 0, 11, 11, 14, 9, 5, 7, 12, 2, 16, 6, 5, 11, 4, 11, 9, 11, 0, 13, 2, 7, 0, 16, 6, 8, 15, 11, 4, 11, 3, 0, 15, 15, 6, 15, 2, 14, 11, 13, 10, 11, 10, 5, 7, 2, 7, 2, 1, 9, 0, 5, 3, 12, 1, 2, 1, 7, 5, 10, 13, 13, 12, 12, 12, 13, 13, 14, 11, 8, 7, 1, 7, 13, 14, 14, 12, 15, 13, 15, 9, 14, 15, 4, 13, 6, 6, 9, 13, 13, 13, 5, 11, 9, 10, 13, 13, 13, 2, 3, 9, 2, 10, 3, 2, 15, 1, 12, 10, 7, 11, 9, 0, 4, 10, 0, 13, 3, 2, 12, 4, 12, 11, 3, 1, 7, 15, 17, 0, 5, 15, 8, 2, 0, 6, 5, 14, 1, 0, 3, 11, 15, 9, 11, 6, 4, 15, 1, 10, 6, 1, 4, 3, 8, 10, 5, 2, 3, 8, 6, 7, 11, 8, 6, 15, 11, 2, 15, 5, 4, 14, 4, 16, 10, 8, 7, 12, 5, 16, 0, 16, 16, 16, 16, 16, 7, 0, 2, 6, 2, 3, 0, 1, 15, 2, 2, 6, 11, 1, 16, 2, 6, 12, 15, 0, 15, 11, 0, 16, 0, 10, 15, 4, 1, 11, 6, 15, 14, 15, 3, 14, 8, 6, 15, 2, 9, 10, 15, 0, 10, 12, 15, 3, 9, 15, 16, 3, 16, 10, 2, 10, 10, 13, 1, 2, 0, 6, 1, 16, 5, 1, 13, 0, 2, 10, 1, 17, 10, 4, 4, 5, 7, 0, 0, 7, 3, 10, 10, 1, 11, 0, 10, 15, 7, 0, 1, 9, 5, 2, 5, 2, 6, 12, 3, 2, 1, 3, 16, 16, 2, 2, 14, 8, 10, 10, 10, 1, 9, 0, 7, 18, 4, 4, 10, 2, 5, 10, 5, 10, 4, 13, 16, 5, 2, 17, 3, 0, 5, 7, 7, 2, 16, 10, 15, 10, 2, 2, 5, 7, 7, 0, 2, 2, 9, 10, 5, 10, 5, 11, 2, 2, 1, 2, 2, 2, 7, 0, 13, 9, 10, 12, 10, 18, 3, 9, 7, 5, 18, 14, 5, 11, 3, 0, 19, 13, 11, 19, 7, 19, 7, 12, 7, 18, 19, 1, 5, 3, 2, 20, 20, 2, 10, 14, 21, 10, 7, 13, 7, 2, 6, 10, 16, 0, 15, 12, 10, 5, 2, 12, 10, 10, 3, 12, 9, 7, 7, 0, 6, 7, 7, 7, 7, 10, 12, 12, 15, 4, 7, 5, 2, 5, 15, 3, 2, 6, 1, 9, 21, 7, 10, 1, 10, 2, 8, 2, 19, 19, 15, 0, 22, 11, 19, 22, 22, 10, 13, 0, 1, 8, 6, 7, 2, 10, 6, 5, 5, 5, 11, 1, 16, 7, 6, 5, 2, 16, 10, 6, 15, 10, 5, 16, 11, 12, 2, 5, 14, 8, 11, 6, 0, 15, 5, 4, 10, 0, 8, 16, 0, 1, 5, 5, 5, 14, 14, 14, 1, 10, 3, 2, 7, 4, 12, 8, 3, 3, 10, 7, 15, 3, 6, 5, 7, 9, 3, 7, 2, 2, 15, 11, 3, 3, 7, 15, 10, 5, 15, 6, 6, 10, 8, 15, 7, 1, 14, 14, 1, 15, 1, 15, 11, 2, 11, 1, 8, 7, 7, 6, 2, 12, 12, 11, 2, 7, 15, 7, 7, 3, 13, 12, 23, 5, 11, 1, 11, 11, 2, 3, 7, 23, 0, 15, 8, 20, 7, 7, 14, 7, 5, 14, 8]"
xerces,19,seed19_solution085,seed19_solution085,0.8614521926671459,9.333685439710733,0.7520314195357442,0.8983116397946724,0.8614521926671459,-9.333685439710733,0.7520314195357442,True,False,"[0, 0, 1, 2, 0, 0, 2, 3, 0, 4, 5, 0, 6, 3, 5, 0, 7, 3, 0, 8, 1, 0, 4, 0, 5, 9, 10, 8, 0, 1, 2, 0, 9, 9, 0, 1, 0, 11, 3, 4, 9, 0, 0, 2, 3, 12, 0, 0, 0, 0, 10, 0, 12, 0, 0, 13, 0, 0, 6, 0, 4, 0, 0, 11, 0, 3, 0, 14, 0, 2, 0, 2, 12, 0, 1, 11, 0, 2, 3, 12, 4, 1, 0, 6, 0, 2, 11, 2, 0, 6, 2, 3, 11, 4, 9, 4, 14, 0, 3, 0, 1, 8, 4, 0, 5, 0, 10, 1, 0, 15, 5, 2, 4, 9, 1, 4, 2, 16, 0, 7, 4, 13, 2, 2, 2, 5, 2, 4, 6, 2, 6, 7, 16, 2, 7, 0, 6, 5, 2, 2, 17, 7, 14, 2, 6, 6, 5, 5, 4, 2, 1, 2, 2, 2, 2, 4, 5, 5, 5, 2, 5, 5, 0, 5, 2, 10, 6, 10, 5, 16, 4, 1, 5, 5, 2, 9, 8, 14, 16, 8, 8, 5, 10, 2, 5, 7, 3, 11, 6, 12, 11, 9, 10, 0, 6, 5, 12, 2, 9, 2, 6, 2, 1, 7, 9, 16, 4, 2, 7, 3, 14, 5, 9, 11, 6, 11, 3, 11, 13, 6, 4, 7, 11, 12, 17, 0, 17, 2, 11, 16, 16, 11, 0, 1, 16, 0, 11, 11, 14, 9, 5, 7, 12, 2, 17, 6, 5, 11, 4, 11, 9, 11, 0, 13, 2, 7, 0, 17, 6, 8, 16, 11, 4, 11, 3, 0, 16, 16, 6, 16, 2, 14, 11, 13, 10, 11, 10, 5, 7, 2, 7, 2, 1, 9, 0, 5, 3, 12, 1, 2, 1, 7, 5, 10, 13, 13, 12, 12, 12, 13, 13, 14, 11, 8, 7, 1, 7, 13, 14, 14, 12, 16, 13, 16, 9, 14, 16, 4, 13, 6, 6, 9, 13, 13, 13, 5, 11, 9, 10, 13, 13, 13, 2, 3, 9, 2, 10, 3, 2, 16, 1, 12, 10, 7, 11, 9, 0, 4, 10, 0, 13, 3, 2, 12, 4, 12, 11, 3, 1, 7, 16, 18, 0, 5, 16, 8, 2, 0, 6, 5, 14, 1, 0, 3, 11, 16, 9, 11, 6, 4, 16, 1, 10, 6, 1, 4, 3, 8, 10, 5, 2, 3, 8, 6, 7, 11, 8, 6, 16, 11, 2, 16, 5, 4, 14, 4, 17, 10, 8, 7, 12, 5, 17, 0, 17, 17, 17, 17, 17, 7, 0, 2, 6, 2, 3, 0, 1, 16, 2, 2, 6, 11, 1, 17, 2, 6, 12, 16, 0, 16, 11, 0, 17, 0, 10, 16, 4, 1, 11, 6, 16, 14, 16, 3, 14, 8, 6, 16, 2, 9, 10, 16, 0, 10, 12, 16, 3, 9, 16, 17, 3, 17, 10, 2, 10, 10, 13, 1, 2, 0, 6, 1, 17, 5, 1, 13, 0, 2, 10, 1, 18, 10, 4, 4, 5, 7, 0, 0, 7, 3, 10, 10, 1, 11, 0, 10, 16, 7, 0, 1, 9, 5, 2, 5, 2, 6, 12, 3, 2, 1, 3, 17, 17, 2, 2, 14, 8, 10, 10, 10, 1, 9, 0, 7, 15, 4, 4, 10, 2, 5, 10, 5, 10, 4, 13, 17, 5, 2, 18, 3, 0, 5, 7, 7, 2, 17, 10, 16, 10, 2, 2, 5, 7, 7, 0, 2, 2, 9, 10, 5, 10, 5, 11, 2, 2, 1, 2, 2, 2, 7, 0, 13, 9, 10, 12, 10, 15, 3, 9, 7, 5, 15, 14, 5, 11, 3, 0, 19, 13, 11, 19, 7, 19, 7, 12, 7, 15, 19, 1, 5, 3, 2, 20, 20, 2, 10, 14, 21, 10, 7, 13, 7, 2, 6, 10, 17, 0, 16, 12, 10, 5, 2, 12, 10, 10, 3, 12, 9, 7, 7, 0, 6, 7, 7, 7, 7, 10, 12, 12, 16, 4, 7, 5, 2, 5, 16, 3, 2, 6, 1, 9, 21, 7, 10, 1, 10, 2, 8, 2, 19, 19, 16, 0, 22, 11, 19, 22, 22, 10, 13, 0, 1, 8, 6, 7, 2, 10, 6, 5, 5, 5, 11, 1, 17, 7, 6, 5, 2, 17, 10, 6, 16, 10, 5, 17, 11, 12, 2, 5, 14, 8, 11, 6, 0, 16, 5, 4, 10, 0, 8, 17, 0, 1, 5, 5, 5, 14, 14, 14, 1, 10, 3, 2, 7, 4, 12, 8, 3, 3, 10, 7, 16, 3, 6, 5, 7, 9, 3, 7, 2, 2, 16, 11, 3, 3, 7, 16, 10, 5, 16, 6, 6, 10, 8, 16, 7, 1, 14, 14, 1, 16, 1, 16, 11, 2, 11, 1, 8, 7, 7, 6, 2, 12, 12, 11, 2, 7, 16, 7, 7, 3, 13, 12, 23, 5, 11, 1, 11, 11, 2, 3, 7, 23, 0, 16, 8, 20, 7, 7, 14, 7, 5, 14, 8]"
xerces,19,seed19_solution086,seed19_solution086,0.8767792954708843,3.384076850876571,0.6669256982980408,0.9051842215050241,0.8767792954708843,-3.384076850876571,0.6669256982980408,True,False,"[0, 1, 2, 1, 3, 0, 2, 4, 0, 0, 0, 5, 3, 3, 6, 0, 7, 4, 5, 4, 2, 0, 5, 8, 6, 3, 4, 7, 1, 0, 7, 9, 10, 0, 0, 0, 0, 0, 3, 11, 0, 0, 0, 3, 3, 0, 0, 0, 0, 0, 0, 0, 7, 0, 12, 0, 5, 0, 0, 11, 11, 0, 5, 0, 0, 7, 5, 13, 0, 14, 10, 3, 7, 0, 0, 15, 14, 6, 6, 11, 11, 2, 0, 8, 0, 3, 15, 1, 4, 0, 0, 4, 15, 11, 5, 3, 7, 16, 0, 5, 11, 3, 12, 0, 10, 0, 4, 2, 0, 6, 12, 16, 11, 5, 2, 3, 3, 3, 5, 6, 3, 15, 3, 3, 3, 6, 3, 3, 5, 3, 5, 0, 8, 3, 16, 9, 16, 3, 3, 16, 3, 8, 0, 8, 7, 3, 13, 2, 11, 12, 12, 3, 3, 3, 3, 11, 7, 14, 6, 3, 0, 13, 0, 6, 3, 10, 5, 3, 14, 10, 5, 2, 6, 6, 3, 10, 9, 13, 15, 2, 9, 6, 11, 12, 6, 3, 5, 8, 9, 9, 8, 15, 4, 0, 0, 6, 15, 15, 15, 15, 9, 3, 9, 1, 11, 16, 15, 3, 1, 15, 3, 6, 15, 8, 14, 7, 8, 8, 15, 8, 3, 1, 3, 8, 8, 1, 15, 15, 8, 6, 14, 8, 10, 8, 9, 14, 14, 8, 8, 2, 6, 1, 14, 0, 14, 2, 5, 14, 15, 9, 15, 15, 15, 12, 13, 0, 10, 15, 9, 5, 16, 13, 14, 16, 4, 0, 15, 8, 6, 14, 14, 8, 8, 5, 8, 0, 11, 14, 1, 3, 1, 3, 1, 10, 0, 4, 7, 9, 6, 15, 4, 6, 10, 4, 13, 1, 13, 9, 4, 5, 13, 4, 15, 12, 1, 12, 10, 13, 13, 3, 3, 7, 13, 13, 15, 12, 13, 4, 13, 5, 12, 13, 14, 13, 13, 13, 13, 15, 13, 13, 13, 7, 10, 7, 3, 3, 7, 0, 2, 11, 0, 14, 14, 5, 10, 4, 13, 5, 0, 4, 12, 7, 3, 7, 7, 5, 2, 7, 2, 1, 13, 14, 14, 3, 4, 14, 14, 8, 16, 8, 13, 8, 0, 11, 1, 9, 11, 11, 5, 13, 1, 2, 11, 13, 5, 7, 7, 14, 7, 7, 14, 4, 7, 10, 12, 2, 9, 9, 9, 5, 8, 14, 7, 9, 13, 4, 16, 2, 16, 0, 1, 16, 14, 16, 16, 16, 16, 0, 16, 0, 0, 8, 0, 16, 6, 15, 16, 14, 8, 3, 5, 11, 2, 3, 2, 5, 5, 14, 12, 14, 2, 4, 3, 4, 9, 14, 5, 14, 8, 2, 5, 7, 14, 11, 8, 14, 5, 12, 12, 3, 1, 14, 16, 14, 14, 9, 15, 10, 14, 5, 10, 13, 4, 3, 6, 4, 3, 2, 3, 12, 9, 6, 3, 6, 2, 8, 0, 13, 17, 2, 13, 17, 14, 9, 11, 1, 2, 0, 1, 7, 10, 15, 3, 15, 16, 11, 8, 13, 3, 1, 3, 14, 3, 13, 7, 5, 1, 16, 3, 3, 0, 16, 4, 4, 3, 14, 14, 9, 4, 4, 5, 3, 0, 6, 18, 15, 11, 13, 3, 6, 4, 6, 14, 11, 12, 16, 6, 1, 11, 7, 0, 12, 6, 11, 5, 16, 4, 8, 4, 3, 2, 6, 7, 1, 12, 14, 1, 4, 0, 7, 4, 6, 15, 3, 10, 3, 7, 4, 10, 1, 9, 12, 4, 10, 10, 6, 18, 6, 18, 18, 9, 5, 19, 6, 5, 4, 6, 9, 12, 18, 3, 19, 4, 1, 19, 19, 6, 19, 15, 2, 9, 3, 20, 20, 10, 9, 13, 21, 4, 1, 14, 13, 11, 9, 4, 4, 0, 8, 3, 4, 6, 7, 5, 10, 11, 10, 17, 6, 1, 3, 0, 4, 8, 9, 5, 14, 10, 10, 7, 4, 12, 1, 1, 3, 6, 3, 3, 10, 9, 14, 10, 21, 7, 4, 2, 11, 12, 16, 3, 9, 14, 5, 11, 22, 22, 9, 22, 22, 1, 13, 6, 2, 6, 16, 1, 3, 1, 9, 6, 6, 6, 0, 2, 16, 1, 12, 2, 3, 0, 7, 12, 11, 4, 6, 16, 15, 6, 3, 3, 12, 14, 12, 11, 6, 8, 13, 7, 12, 2, 4, 16, 0, 2, 6, 9, 6, 12, 11, 13, 2, 5, 6, 14, 12, 11, 7, 14, 7, 7, 9, 12, 7, 1, 14, 8, 6, 9, 14, 11, 14, 3, 7, 5, 5, 4, 2, 14, 6, 6, 5, 5, 14, 11, 8, 10, 13, 15, 12, 14, 1, 6, 13, 0, 2, 3, 8, 3, 9, 12, 12, 5, 11, 15, 1, 7, 4, 3, 1, 1, 2, 4, 12, 23, 16, 11, 21, 2, 4, 23, 3, 4, 23, 23, 0, 23, 14, 20, 2, 1, 12, 1, 12, 1, 15]"
xerces,19,seed19_solution087,seed19_solution087,0.8816391085549964,0.1578263319142071,0.6159338117489099,0.9221532420084693,0.8816391085549964,-0.1578263319142071,0.6159338117489099,True,False,"[0, 0, 0, 1, 2, 0, 0, 3, 0, 0, 2, 3, 4, 2, 5, 4, 6, 7, 3, 6, 7, 0, 6, 0, 0, 0, 2, 4, 0, 7, 8, 0, 0, 0, 0, 9, 0, 10, 3, 7, 9, 9, 0, 2, 0, 0, 0, 3, 7, 0, 5, 0, 11, 2, 9, 9, 6, 0, 6, 0, 5, 6, 6, 10, 1, 7, 4, 12, 0, 6, 9, 0, 0, 5, 13, 14, 10, 3, 13, 5, 3, 3, 0, 0, 8, 0, 10, 0, 7, 0, 3, 1, 13, 0, 8, 5, 13, 15, 0, 4, 5, 1, 12, 16, 16, 0, 10, 10, 13, 13, 12, 15, 5, 9, 4, 4, 3, 3, 0, 4, 3, 10, 8, 3, 12, 0, 6, 11, 6, 15, 3, 8, 10, 12, 8, 15, 4, 10, 6, 16, 6, 10, 16, 10, 8, 3, 12, 8, 3, 13, 14, 3, 3, 1, 8, 3, 8, 6, 7, 8, 14, 12, 0, 13, 14, 2, 2, 14, 6, 3, 14, 15, 3, 12, 16, 9, 4, 12, 10, 1, 1, 0, 5, 9, 14, 4, 14, 11, 4, 6, 13, 16, 1, 10, 1, 11, 8, 16, 13, 1, 8, 1, 1, 8, 5, 16, 10, 13, 3, 0, 15, 13, 6, 12, 16, 0, 16, 16, 6, 3, 16, 16, 14, 4, 10, 13, 13, 3, 12, 11, 10, 8, 9, 16, 6, 6, 16, 4, 10, 13, 3, 16, 8, 2, 11, 1, 3, 16, 10, 8, 13, 13, 13, 12, 13, 10, 0, 0, 13, 15, 16, 16, 13, 13, 14, 0, 13, 13, 4, 4, 13, 14, 15, 1, 10, 14, 16, 11, 2, 2, 2, 7, 13, 9, 0, 4, 6, 6, 7, 1, 1, 11, 13, 6, 12, 2, 15, 9, 15, 3, 2, 1, 14, 6, 14, 7, 8, 9, 10, 2, 3, 9, 2, 14, 10, 3, 5, 15, 14, 9, 13, 14, 15, 8, 12, 6, 10, 9, 2, 8, 9, 11, 16, 2, 3, 11, 9, 14, 7, 12, 1, 6, 5, 6, 16, 12, 12, 6, 2, 6, 11, 16, 0, 1, 7, 11, 0, 0, 11, 11, 12, 10, 10, 13, 10, 13, 3, 14, 15, 11, 13, 1, 0, 5, 6, 5, 16, 5, 13, 13, 2, 10, 13, 11, 11, 8, 11, 11, 5, 13, 11, 16, 15, 1, 12, 4, 1, 10, 1, 0, 14, 5, 7, 11, 12, 7, 17, 1, 6, 2, 8, 16, 6, 0, 16, 3, 17, 0, 17, 2, 3, 10, 4, 15, 4, 13, 18, 10, 14, 13, 3, 12, 7, 2, 7, 0, 15, 9, 9, 10, 13, 2, 3, 2, 1, 12, 7, 1, 2, 7, 4, 13, 10, 5, 13, 6, 4, 10, 13, 0, 2, 6, 10, 5, 10, 8, 10, 16, 10, 3, 12, 13, 1, 3, 13, 9, 9, 14, 4, 13, 17, 13, 0, 14, 0, 14, 19, 19, 9, 1, 13, 5, 17, 17, 13, 16, 14, 4, 2, 0, 15, 2, 4, 14, 15, 5, 10, 12, 2, 2, 2, 10, 0, 12, 11, 8, 4, 15, 5, 2, 0, 6, 18, 3, 8, 16, 2, 2, 11, 2, 3, 17, 1, 0, 8, 10, 11, 12, 15, 16, 13, 4, 10, 4, 13, 0, 14, 2, 20, 4, 9, 14, 13, 14, 6, 17, 0, 10, 16, 7, 2, 9, 8, 13, 12, 15, 2, 4, 0, 4, 2, 8, 13, 15, 16, 3, 4, 14, 9, 13, 4, 17, 2, 2, 4, 3, 0, 11, 8, 12, 4, 3, 3, 11, 6, 7, 0, 5, 12, 21, 3, 16, 1, 8, 21, 14, 20, 21, 10, 14, 10, 20, 22, 12, 9, 3, 18, 18, 2, 13, 3, 13, 18, 4, 1, 16, 0, 14, 8, 3, 15, 2, 18, 16, 7, 16, 14, 12, 2, 2, 17, 3, 10, 4, 3, 15, 9, 9, 4, 7, 9, 7, 15, 14, 3, 2, 3, 2, 4, 3, 9, 14, 15, 15, 17, 5, 3, 6, 14, 8, 6, 6, 0, 19, 13, 8, 6, 19, 19, 12, 3, 15, 15, 16, 14, 1, 2, 6, 16, 14, 5, 0, 9, 15, 3, 2, 6, 2, 22, 4, 9, 5, 3, 4, 16, 10, 11, 14, 2, 14, 6, 14, 4, 0, 10, 13, 3, 13, 6, 2, 16, 0, 15, 13, 7, 8, 10, 5, 17, 14, 15, 3, 15, 12, 8, 14, 6, 11, 1, 4, 12, 4, 2, 4, 2, 11, 4, 7, 5, 2, 8, 8, 7, 1, 1, 7, 10, 11, 12, 3, 5, 13, 10, 15, 9, 12, 13, 10, 15, 2, 11, 16, 10, 12, 13, 3, 2, 5, 14, 9, 15, 11, 7, 14, 7, 7, 1, 7, 14, 14, 7, 9, 18, 16, 5, 21, 23, 7, 12, 2, 18, 23, 23, 0, 12, 6, 0, 7, 7, 9, 15, 11, 7, 13]"
xerces,19,seed19_solution088,seed19_solution088,0.8850035945363048,11.596979899015396,0.994955553072656,0.8871722498445996,0.8850035945363048,-11.596979899015396,0.994955553072656,True,False,"[0, 1, 1, 1, 2, 2, 0, 0, 3, 3, 0, 4, 1, 1, 3, 1, 0, 0, 0, 5, 6, 7, 3, 8, 9, 6, 1, 0, 0, 5, 6, 0, 0, 0, 6, 2, 0, 2, 0, 6, 0, 4, 4, 2, 4, 2, 0, 0, 0, 10, 5, 5, 2, 2, 0, 7, 1, 0, 0, 0, 7, 6, 0, 7, 1, 6, 10, 0, 0, 1, 4, 1, 0, 11, 2, 9, 8, 2, 9, 6, 1, 3, 0, 12, 0, 3, 0, 13, 2, 0, 2, 1, 0, 0, 2, 3, 7, 0, 11, 1, 7, 0, 1, 2, 8, 11, 1, 6, 0, 0, 4, 7, 3, 7, 7, 3, 6, 0, 0, 0, 0, 13, 2, 4, 0, 0, 0, 3, 0, 4, 10, 11, 10, 1, 0, 1, 0, 14, 1, 15, 15, 10, 16, 10, 4, 2, 7, 6, 0, 7, 5, 10, 1, 0, 1, 14, 9, 5, 1, 2, 1, 0, 1, 1, 4, 14, 2, 1, 1, 8, 2, 6, 0, 8, 4, 0, 5, 7, 8, 1, 2, 0, 0, 13, 1, 1, 0, 0, 12, 10, 1, 14, 3, 11, 1, 13, 13, 2, 0, 11, 12, 6, 4, 1, 3, 1, 1, 4, 4, 0, 1, 1, 16, 6, 6, 9, 5, 6, 5, 12, 0, 1, 2, 1, 15, 7, 8, 2, 0, 13, 0, 12, 8, 5, 2, 1, 1, 5, 2, 4, 11, 6, 2, 0, 2, 0, 11, 1, 1, 1, 6, 10, 0, 7, 14, 0, 0, 1, 9, 5, 4, 1, 1, 1, 10, 1, 11, 5, 12, 0, 1, 4, 6, 2, 1, 2, 7, 2, 1, 1, 0, 0, 1, 7, 0, 4, 6, 4, 2, 2, 5, 1, 0, 1, 2, 3, 9, 4, 6, 8, 0, 1, 0, 5, 4, 1, 11, 4, 16, 2, 2, 14, 1, 8, 9, 0, 8, 3, 11, 7, 9, 14, 0, 1, 16, 0, 0, 2, 7, 0, 8, 2, 9, 4, 14, 2, 9, 0, 1, 1, 2, 16, 1, 5, 9, 6, 9, 3, 5, 0, 2, 15, 1, 10, 2, 1, 0, 1, 11, 1, 6, 13, 7, 11, 7, 5, 2, 0, 2, 14, 2, 0, 3, 12, 9, 4, 1, 7, 16, 1, 16, 4, 0, 11, 1, 4, 1, 12, 4, 1, 0, 6, 5, 12, 4, 0, 2, 12, 2, 0, 0, 3, 6, 4, 9, 6, 1, 4, 5, 4, 1, 15, 0, 6, 15, 6, 0, 10, 0, 4, 0, 7, 11, 3, 6, 1, 1, 3, 5, 1, 0, 9, 1, 1, 1, 4, 0, 1, 0, 4, 1, 2, 2, 0, 1, 16, 4, 2, 0, 4, 12, 1, 1, 6, 0, 12, 1, 6, 7, 14, 4, 0, 0, 1, 0, 12, 1, 6, 8, 1, 6, 7, 0, 15, 7, 14, 6, 4, 13, 3, 6, 0, 0, 2, 4, 2, 2, 14, 1, 4, 1, 0, 1, 4, 6, 0, 0, 3, 0, 1, 6, 0, 1, 2, 15, 14, 9, 16, 13, 1, 1, 2, 11, 11, 11, 6, 5, 2, 5, 4, 0, 13, 1, 1, 1, 6, 0, 4, 2, 1, 4, 6, 1, 6, 6, 3, 0, 12, 2, 15, 1, 6, 8, 0, 13, 1, 3, 1, 1, 6, 3, 1, 5, 1, 1, 2, 7, 0, 5, 2, 0, 5, 1, 8, 0, 2, 0, 4, 2, 3, 0, 1, 4, 2, 2, 7, 0, 3, 0, 9, 5, 6, 0, 9, 4, 2, 12, 0, 0, 16, 11, 7, 6, 9, 9, 1, 5, 1, 6, 11, 16, 0, 0, 11, 2, 4, 9, 16, 1, 1, 5, 0, 13, 3, 0, 2, 16, 17, 0, 14, 3, 1, 1, 12, 2, 0, 0, 10, 10, 14, 2, 0, 10, 4, 3, 6, 10, 12, 0, 1, 5, 2, 1, 1, 3, 2, 6, 6, 10, 4, 2, 12, 12, 10, 9, 1, 2, 14, 12, 2, 2, 17, 0, 1, 0, 2, 2, 18, 10, 1, 5, 16, 0, 1, 2, 2, 5, 0, 4, 3, 4, 2, 5, 4, 2, 1, 1, 16, 1, 2, 5, 0, 0, 1, 11, 1, 1, 6, 0, 12, 0, 1, 1, 2, 1, 9, 10, 1, 14, 0, 1, 14, 11, 0, 8, 2, 8, 8, 0, 8, 1, 0, 2, 11, 12, 13, 5, 1, 0, 6, 1, 2, 4, 13, 11, 2, 5, 12, 16, 12, 12, 4, 2, 16, 1, 11, 16, 6, 2, 6, 2, 16, 1, 2, 1, 11, 1, 11, 0, 2, 1, 12, 16, 1, 6, 13, 3, 0, 6, 1, 6, 0, 0, 4, 2, 6, 2, 6, 1, 9, 4, 13, 10, 6, 8, 10, 4, 4, 2, 2, 6, 2, 10, 6, 2, 8, 12, 9, 9, 2, 1, 9, 15, 4, 5, 5, 1, 1, 0, 5, 2, 13, 1, 13]"
xerces,19,seed19_solution089,seed19_solution089,0.8947232207045291,11.597185786907549,1.0152401345063788,0.8733336449699455,0.8947232207045291,-11.597185786907549,1.0152401345063788,True,False,"[0, 1, 1, 1, 2, 0, 0, 0, 3, 0, 0, 4, 1, 1, 3, 1, 0, 0, 0, 0, 1, 5, 0, 6, 7, 8, 2, 0, 3, 1, 0, 0, 3, 0, 9, 2, 0, 2, 0, 0, 0, 4, 4, 4, 4, 0, 0, 0, 1, 0, 9, 9, 2, 2, 0, 6, 0, 0, 0, 8, 5, 8, 0, 8, 1, 1, 10, 0, 0, 1, 4, 2, 0, 11, 2, 0, 8, 2, 7, 8, 1, 3, 0, 12, 3, 5, 0, 1, 2, 0, 1, 1, 0, 0, 2, 3, 8, 0, 11, 1, 5, 0, 1, 2, 6, 11, 1, 8, 11, 0, 3, 8, 3, 8, 1, 3, 8, 1, 0, 0, 6, 1, 9, 4, 0, 0, 0, 3, 10, 8, 1, 4, 10, 2, 8, 1, 1, 12, 1, 13, 1, 3, 4, 0, 4, 1, 5, 2, 8, 8, 9, 10, 1, 0, 3, 14, 7, 1, 2, 3, 9, 0, 1, 1, 4, 14, 2, 1, 1, 9, 3, 8, 0, 6, 2, 0, 1, 5, 6, 1, 2, 0, 0, 15, 1, 1, 0, 3, 12, 10, 1, 14, 3, 11, 1, 15, 15, 3, 8, 11, 12, 9, 4, 2, 7, 8, 1, 4, 4, 3, 1, 1, 1, 9, 15, 0, 9, 9, 7, 12, 0, 1, 2, 1, 3, 5, 10, 2, 0, 5, 8, 12, 6, 5, 2, 1, 1, 9, 3, 4, 11, 9, 2, 0, 2, 0, 11, 1, 1, 3, 9, 10, 14, 5, 12, 5, 9, 1, 9, 9, 0, 1, 1, 4, 10, 1, 4, 3, 12, 1, 9, 2, 3, 1, 1, 2, 1, 2, 1, 1, 0, 0, 1, 5, 3, 4, 9, 2, 1, 2, 9, 1, 0, 7, 3, 3, 7, 4, 8, 6, 0, 1, 0, 0, 4, 1, 2, 0, 0, 3, 2, 14, 1, 6, 7, 0, 6, 3, 11, 8, 7, 11, 0, 1, 16, 5, 0, 2, 0, 0, 6, 4, 12, 4, 3, 2, 7, 0, 1, 1, 0, 16, 1, 9, 7, 8, 0, 3, 9, 0, 3, 13, 1, 10, 2, 8, 6, 1, 11, 1, 8, 15, 5, 11, 8, 9, 2, 0, 0, 14, 2, 0, 9, 12, 7, 2, 1, 5, 1, 1, 16, 12, 0, 11, 10, 8, 6, 12, 4, 4, 0, 12, 9, 10, 0, 0, 5, 12, 4, 0, 0, 3, 9, 4, 7, 7, 1, 0, 9, 9, 1, 13, 2, 8, 6, 0, 0, 10, 12, 4, 6, 5, 10, 3, 8, 1, 1, 1, 9, 1, 0, 2, 1, 7, 1, 7, 0, 1, 0, 3, 1, 3, 3, 0, 1, 8, 2, 2, 0, 4, 6, 1, 1, 8, 0, 12, 1, 8, 9, 4, 1, 0, 0, 1, 0, 12, 1, 8, 1, 1, 3, 5, 0, 13, 7, 14, 9, 10, 15, 4, 9, 0, 0, 2, 4, 2, 3, 12, 1, 4, 1, 0, 1, 2, 8, 12, 0, 3, 0, 1, 8, 0, 1, 0, 0, 14, 7, 16, 4, 3, 1, 3, 11, 4, 4, 9, 9, 2, 9, 0, 0, 4, 1, 1, 1, 0, 0, 4, 2, 0, 4, 8, 1, 9, 4, 3, 14, 12, 2, 13, 2, 8, 6, 3, 1, 1, 9, 1, 0, 8, 3, 1, 9, 1, 1, 2, 5, 0, 9, 5, 0, 9, 9, 9, 0, 3, 0, 10, 2, 3, 0, 1, 4, 4, 2, 5, 0, 5, 0, 1, 3, 1, 0, 0, 4, 3, 1, 0, 0, 16, 12, 5, 8, 7, 7, 1, 1, 1, 8, 4, 16, 0, 0, 11, 16, 3, 7, 16, 1, 1, 8, 0, 0, 15, 0, 2, 16, 17, 11, 14, 5, 1, 1, 12, 2, 0, 4, 10, 0, 10, 2, 3, 1, 4, 3, 8, 10, 12, 4, 1, 9, 2, 1, 1, 3, 2, 8, 8, 1, 2, 2, 12, 8, 10, 8, 1, 3, 1, 4, 3, 2, 17, 0, 8, 0, 3, 2, 18, 3, 1, 9, 2, 0, 9, 4, 2, 1, 0, 4, 3, 8, 2, 7, 2, 2, 1, 1, 16, 1, 3, 9, 0, 0, 1, 4, 1, 1, 1, 6, 6, 0, 1, 12, 5, 4, 7, 2, 1, 14, 0, 2, 14, 2, 0, 6, 2, 1, 6, 0, 6, 6, 0, 2, 11, 12, 14, 7, 1, 0, 8, 1, 3, 8, 15, 4, 3, 6, 12, 16, 3, 6, 4, 3, 16, 1, 9, 16, 8, 2, 9, 2, 16, 1, 1, 1, 11, 7, 7, 0, 2, 1, 5, 16, 1, 8, 14, 4, 0, 9, 1, 0, 3, 5, 7, 2, 8, 2, 1, 1, 3, 2, 15, 10, 8, 10, 13, 2, 2, 2, 3, 8, 2, 10, 9, 2, 6, 5, 0, 9, 1, 0, 7, 3, 0, 9, 3, 1, 1, 0, 7, 3, 13, 1, 14]"
xerces,19,seed19_solution090,seed19_solution090,0.9052767792954709,10.499815182911785,0.8476355797038805,0.9091304469432079,0.9052767792954709,-10.499815182911785,0.8476355797038805,True,False,"[0, 0, 0, 1, 1, 2, 0, 0, 2, 2, 0, 3, 1, 1, 2, 4, 0, 0, 0, 0, 5, 5, 6, 7, 1, 5, 1, 0, 0, 3, 6, 5, 0, 6, 5, 4, 0, 7, 2, 3, 8, 9, 0, 2, 6, 0, 1, 0, 4, 9, 4, 3, 10, 1, 11, 11, 1, 0, 4, 10, 6, 5, 0, 12, 1, 3, 0, 1, 1, 1, 9, 11, 0, 5, 0, 0, 13, 2, 14, 5, 1, 2, 6, 7, 0, 1, 13, 12, 6, 0, 2, 3, 12, 0, 10, 5, 14, 15, 12, 9, 0, 0, 11, 1, 8, 0, 13, 13, 14, 0, 1, 1, 1, 8, 5, 12, 16, 0, 0, 9, 2, 13, 12, 1, 0, 0, 0, 5, 4, 15, 7, 0, 8, 1, 12, 1, 9, 13, 1, 15, 1, 8, 8, 0, 9, 2, 1, 12, 0, 7, 4, 7, 6, 0, 12, 10, 14, 4, 3, 6, 1, 14, 1, 1, 7, 8, 1, 1, 1, 5, 4, 11, 0, 13, 5, 5, 5, 11, 1, 1, 6, 1, 10, 11, 1, 1, 0, 10, 5, 4, 8, 9, 2, 5, 1, 10, 14, 6, 0, 9, 12, 1, 12, 12, 5, 1, 1, 17, 9, 0, 15, 1, 16, 10, 6, 0, 4, 5, 16, 2, 6, 1, 8, 9, 13, 1, 8, 2, 11, 10, 0, 12, 5, 4, 5, 1, 13, 7, 13, 1, 2, 7, 6, 6, 6, 6, 4, 4, 13, 1, 11, 7, 0, 11, 11, 13, 0, 0, 7, 16, 15, 14, 13, 15, 7, 0, 0, 11, 10, 9, 1, 9, 5, 6, 1, 7, 4, 10, 1, 1, 1, 3, 14, 8, 0, 9, 4, 16, 12, 6, 2, 1, 0, 13, 14, 1, 16, 7, 16, 0, 0, 1, 0, 0, 9, 1, 10, 9, 13, 6, 2, 0, 1, 7, 13, 0, 6, 16, 12, 12, 7, 11, 1, 1, 11, 16, 0, 0, 1, 9, 16, 6, 8, 13, 2, 10, 7, 2, 0, 5, 6, 16, 5, 4, 1, 8, 14, 16, 4, 4, 2, 15, 0, 6, 1, 4, 0, 0, 2, 1, 3, 1, 4, 9, 2, 16, 2, 0, 15, 10, 14, 6, 2, 0, 4, 5, 1, 1, 0, 1, 1, 1, 13, 13, 10, 16, 1, 11, 5, 1, 0, 9, 16, 6, 11, 5, 6, 13, 6, 0, 7, 5, 3, 9, 7, 0, 15, 0, 16, 1, 12, 15, 15, 0, 15, 2, 8, 8, 0, 9, 6, 11, 12, 15, 4, 12, 1, 4, 4, 1, 4, 5, 1, 1, 4, 9, 0, 11, 11, 1, 1, 2, 2, 0, 6, 14, 5, 6, 6, 3, 9, 1, 1, 5, 14, 16, 9, 11, 3, 0, 1, 4, 4, 5, 0, 12, 1, 5, 12, 3, 11, 14, 2, 2, 14, 8, 4, 4, 3, 14, 12, 0, 0, 9, 9, 6, 9, 7, 1, 6, 1, 18, 16, 9, 14, 0, 4, 2, 0, 11, 16, 13, 9, 6, 15, 0, 1, 11, 2, 1, 1, 6, 0, 7, 2, 12, 9, 6, 4, 1, 0, 4, 9, 1, 1, 15, 0, 12, 10, 1, 1, 8, 6, 1, 0, 13, 0, 1, 6, 15, 14, 4, 13, 9, 14, 0, 14, 1, 1, 9, 2, 1, 4, 7, 4, 14, 4, 11, 15, 3, 0, 4, 1, 13, 3, 6, 1, 9, 0, 9, 6, 1, 1, 15, 16, 2, 9, 4, 0, 7, 4, 8, 0, 1, 9, 6, 0, 6, 0, 11, 0, 9, 5, 14, 16, 3, 0, 6, 11, 7, 2, 15, 0, 10, 9, 1, 14, 2, 13, 1, 4, 5, 2, 6, 8, 6, 14, 19, 0, 0, 2, 14, 1, 4, 6, 0, 0, 7, 9, 2, 0, 0, 1, 8, 2, 8, 14, 1, 0, 2, 4, 2, 12, 4, 9, 6, 5, 8, 9, 3, 14, 12, 11, 8, 9, 1, 6, 1, 1, 16, 8, 19, 0, 16, 5, 2, 1, 11, 8, 1, 13, 4, 0, 20, 6, 6, 16, 0, 9, 2, 9, 6, 16, 15, 1, 6, 1, 16, 15, 7, 10, 0, 11, 1, 1, 6, 16, 5, 0, 5, 11, 6, 1, 9, 1, 6, 6, 6, 13, 0, 14, 13, 12, 0, 1, 7, 9, 16, 16, 13, 15, 0, 6, 7, 13, 12, 8, 5, 11, 10, 1, 14, 16, 11, 12, 6, 11, 11, 6, 9, 11, 9, 12, 4, 9, 7, 12, 4, 6, 11, 12, 16, 1, 6, 1, 1, 1, 14, 0, 6, 1, 8, 5, 1, 8, 0, 7, 0, 5, 1, 5, 11, 11, 6, 6, 4, 0, 5, 1, 7, 16, 14, 7, 1, 16, 13, 9, 4, 1, 13, 13, 6, 12, 15, 5, 8, 11, 3, 4, 6, 1, 7, 9, 9, 11, 11, 1, 6, 15, 7, 16, 14, 12, 14]"
xerces,19,seed19_solution091,seed19_solution091,0.9097915168943206,3.3604536488207613,0.6000118723759839,0.9395741215767696,0.9097915168943206,-3.3604536488207613,0.6000118723759839,True,False,"[0, 1, 2, 1, 3, 4, 2, 5, 6, 7, 0, 5, 8, 3, 7, 0, 7, 4, 5, 4, 2, 6, 7, 8, 9, 10, 1, 11, 1, 0, 7, 11, 10, 10, 0, 0, 0, 0, 5, 5, 0, 10, 0, 3, 5, 12, 11, 0, 0, 0, 0, 5, 12, 3, 0, 0, 0, 0, 8, 6, 9, 7, 5, 0, 12, 7, 12, 13, 0, 14, 15, 6, 7, 0, 2, 13, 14, 3, 5, 9, 9, 7, 0, 10, 8, 2, 9, 1, 4, 0, 0, 5, 13, 9, 5, 3, 13, 16, 5, 5, 6, 3, 7, 0, 15, 0, 4, 2, 13, 3, 10, 16, 9, 10, 2, 7, 11, 15, 0, 1, 7, 13, 3, 2, 3, 9, 3, 7, 7, 0, 8, 0, 15, 15, 16, 11, 16, 3, 3, 16, 3, 1, 13, 12, 7, 3, 12, 4, 1, 14, 2, 7, 3, 2, 3, 9, 12, 14, 5, 1, 0, 12, 0, 5, 3, 10, 3, 6, 14, 15, 5, 11, 4, 2, 2, 10, 11, 13, 15, 2, 11, 0, 9, 10, 6, 1, 5, 0, 11, 11, 13, 13, 4, 12, 8, 4, 13, 13, 13, 3, 11, 9, 2, 1, 7, 16, 13, 3, 1, 13, 13, 2, 16, 10, 8, 7, 8, 11, 13, 8, 7, 15, 3, 8, 8, 1, 13, 13, 8, 6, 14, 8, 15, 8, 11, 14, 0, 8, 8, 10, 6, 1, 12, 3, 14, 2, 4, 9, 7, 8, 13, 9, 9, 14, 12, 0, 15, 16, 11, 5, 16, 4, 7, 2, 5, 0, 13, 8, 8, 12, 14, 8, 9, 14, 8, 9, 9, 4, 1, 12, 1, 3, 2, 15, 0, 5, 7, 11, 6, 3, 2, 1, 15, 4, 12, 1, 17, 6, 14, 5, 2, 6, 13, 11, 1, 10, 15, 12, 12, 3, 3, 15, 12, 12, 9, 10, 15, 4, 12, 7, 8, 12, 14, 8, 12, 4, 12, 4, 6, 12, 11, 7, 15, 2, 10, 7, 6, 5, 14, 9, 2, 14, 6, 5, 15, 4, 12, 5, 0, 0, 14, 7, 3, 7, 7, 5, 9, 7, 4, 1, 3, 14, 14, 3, 4, 14, 14, 8, 3, 8, 13, 8, 6, 9, 1, 11, 9, 9, 13, 1, 1, 2, 9, 4, 5, 7, 7, 11, 6, 7, 3, 4, 11, 15, 5, 9, 9, 8, 15, 9, 3, 1, 7, 11, 12, 5, 5, 2, 11, 1, 0, 16, 10, 0, 16, 16, 5, 0, 4, 1, 0, 3, 8, 16, 5, 13, 2, 7, 8, 3, 5, 9, 2, 16, 2, 0, 12, 14, 14, 14, 2, 4, 3, 0, 11, 14, 5, 14, 8, 2, 5, 7, 14, 16, 13, 14, 7, 14, 10, 3, 6, 0, 16, 6, 12, 8, 5, 15, 11, 7, 15, 12, 5, 16, 6, 4, 3, 2, 14, 0, 11, 2, 3, 8, 0, 8, 0, 12, 6, 2, 12, 6, 14, 11, 12, 1, 2, 0, 7, 1, 10, 9, 3, 9, 0, 9, 15, 12, 14, 1, 3, 5, 3, 12, 7, 5, 12, 16, 6, 2, 5, 14, 4, 3, 3, 14, 14, 2, 4, 4, 2, 10, 1, 6, 5, 13, 9, 6, 3, 6, 13, 12, 14, 0, 10, 0, 6, 1, 9, 7, 10, 10, 6, 1, 3, 13, 4, 15, 11, 7, 2, 6, 12, 2, 14, 11, 3, 4, 0, 7, 4, 6, 13, 3, 15, 2, 12, 4, 10, 9, 1, 14, 4, 9, 15, 6, 18, 6, 10, 18, 11, 5, 13, 6, 9, 5, 11, 1, 14, 9, 11, 19, 5, 12, 12, 1, 16, 19, 13, 2, 11, 10, 14, 7, 16, 11, 13, 20, 5, 0, 14, 14, 9, 8, 10, 16, 0, 15, 3, 4, 13, 7, 12, 15, 6, 15, 12, 10, 1, 3, 0, 4, 8, 11, 5, 11, 15, 15, 7, 5, 10, 1, 4, 3, 6, 3, 5, 15, 11, 7, 10, 20, 7, 4, 0, 9, 10, 16, 9, 8, 14, 5, 9, 1, 21, 3, 21, 21, 6, 14, 0, 2, 11, 8, 1, 3, 6, 11, 3, 6, 6, 9, 14, 16, 1, 10, 2, 3, 0, 7, 8, 9, 4, 6, 16, 13, 6, 3, 10, 16, 11, 10, 9, 0, 15, 12, 7, 10, 0, 4, 16, 0, 11, 4, 8, 11, 9, 9, 12, 2, 6, 6, 14, 10, 9, 7, 11, 7, 7, 11, 10, 15, 1, 8, 8, 4, 10, 14, 9, 3, 3, 7, 5, 5, 4, 2, 14, 4, 6, 15, 9, 8, 9, 11, 4, 12, 13, 0, 13, 1, 14, 13, 0, 2, 3, 8, 3, 11, 10, 10, 5, 9, 12, 12, 9, 5, 14, 1, 1, 2, 4, 14, 12, 16, 4, 20, 2, 4, 22, 3, 5, 1, 16, 0, 22, 11, 0, 2, 1, 14, 7, 10, 13, 13]"
xerces,19,seed19_solution092,seed19_solution092,0.9122933141624731,0.13666907188038144,0.31199094210024525,0.9497156280815269,0.9122933141624731,-0.13666907188038144,0.31199094210024525,True,False,"[0, 1, 2, 3, 3, 4, 3, 5, 6, 7, 4, 5, 8, 5, 7, 2, 1, 5, 7, 9, 2, 6, 7, 10, 11, 12, 1, 9, 1, 2, 5, 6, 12, 12, 12, 2, 12, 11, 5, 5, 12, 12, 2, 3, 5, 13, 9, 7, 0, 13, 6, 5, 13, 3, 0, 14, 0, 0, 8, 6, 7, 7, 0, 11, 13, 5, 13, 15, 0, 9, 12, 6, 13, 2, 2, 11, 6, 3, 5, 13, 6, 7, 0, 8, 8, 2, 11, 14, 10, 8, 3, 5, 11, 14, 12, 7, 15, 16, 5, 4, 6, 9, 7, 3, 4, 7, 4, 5, 15, 3, 2, 16, 7, 12, 6, 7, 9, 10, 0, 1, 7, 14, 4, 2, 14, 11, 6, 7, 7, 0, 8, 1, 10, 10, 0, 0, 16, 4, 3, 16, 16, 1, 15, 13, 13, 3, 7, 4, 1, 14, 2, 7, 3, 2, 8, 6, 13, 4, 5, 1, 4, 15, 0, 5, 5, 12, 3, 6, 9, 10, 7, 9, 4, 2, 2, 12, 9, 15, 10, 2, 3, 0, 6, 14, 9, 1, 5, 0, 8, 13, 15, 12, 11, 13, 8, 4, 13, 3, 11, 3, 8, 11, 2, 1, 7, 16, 0, 2, 4, 5, 15, 2, 16, 12, 8, 11, 5, 9, 14, 8, 7, 10, 3, 13, 16, 1, 16, 3, 5, 4, 10, 8, 10, 2, 8, 9, 0, 8, 15, 12, 4, 1, 13, 3, 16, 2, 4, 11, 7, 8, 14, 11, 11, 14, 15, 1, 6, 16, 8, 9, 1, 4, 7, 2, 5, 0, 11, 10, 8, 13, 3, 15, 11, 14, 6, 11, 6, 4, 1, 13, 1, 5, 2, 12, 13, 5, 7, 13, 2, 3, 2, 1, 4, 1, 3, 1, 17, 6, 14, 10, 2, 6, 11, 9, 1, 2, 12, 2, 15, 3, 13, 10, 3, 10, 11, 0, 10, 7, 1, 7, 8, 12, 9, 8, 15, 4, 11, 4, 6, 13, 9, 13, 11, 2, 12, 7, 6, 5, 14, 6, 2, 13, 6, 1, 11, 12, 0, 7, 3, 0, 14, 6, 8, 13, 7, 13, 11, 0, 4, 1, 3, 14, 0, 4, 5, 9, 3, 10, 3, 4, 15, 2, 6, 8, 11, 8, 12, 6, 15, 1, 15, 2, 6, 4, 2, 7, 8, 9, 6, 4, 3, 5, 9, 8, 5, 11, 11, 8, 10, 11, 3, 1, 4, 7, 15, 5, 5, 2, 9, 1, 0, 16, 12, 0, 7, 5, 5, 0, 4, 1, 0, 3, 8, 7, 5, 1, 2, 7, 3, 16, 7, 11, 2, 16, 3, 0, 13, 14, 14, 2, 12, 0, 5, 0, 8, 15, 7, 2, 8, 2, 7, 15, 11, 16, 15, 9, 7, 14, 14, 12, 6, 0, 7, 6, 13, 8, 5, 12, 9, 7, 5, 6, 5, 16, 6, 12, 14, 2, 14, 0, 8, 2, 16, 8, 0, 14, 0, 15, 6, 2, 2, 6, 7, 7, 13, 1, 0, 5, 7, 1, 12, 11, 2, 11, 0, 6, 10, 15, 14, 1, 12, 5, 0, 1, 3, 7, 13, 16, 6, 2, 5, 14, 15, 3, 6, 15, 9, 2, 6, 4, 2, 12, 1, 1, 5, 7, 16, 6, 9, 16, 15, 13, 12, 0, 14, 0, 7, 1, 14, 13, 12, 14, 1, 1, 3, 15, 6, 10, 9, 7, 2, 12, 13, 2, 14, 9, 3, 12, 0, 7, 2, 6, 11, 3, 12, 2, 13, 5, 12, 11, 1, 14, 12, 11, 2, 6, 8, 13, 12, 1, 4, 7, 15, 4, 11, 5, 9, 1, 14, 11, 9, 1, 5, 13, 13, 1, 16, 15, 2, 2, 5, 12, 14, 7, 16, 3, 15, 8, 5, 0, 14, 14, 3, 8, 12, 16, 0, 10, 13, 3, 15, 13, 13, 12, 6, 5, 13, 12, 5, 3, 0, 8, 1, 9, 7, 9, 12, 9, 13, 5, 7, 8, 4, 11, 11, 10, 5, 12, 8, 7, 12, 12, 1, 5, 0, 5, 7, 9, 11, 8, 9, 10, 0, 1, 11, 3, 9, 6, 6, 14, 0, 12, 9, 8, 1, 14, 6, 8, 3, 7, 4, 11, 14, 16, 1, 8, 4, 1, 10, 13, 8, 10, 2, 3, 16, 11, 13, 1, 12, 16, 9, 11, 8, 0, 10, 11, 10, 14, 0, 9, 16, 0, 9, 4, 8, 9, 11, 6, 15, 14, 6, 5, 2, 14, 4, 13, 9, 6, 14, 8, 1, 10, 1, 8, 4, 4, 12, 5, 1, 3, 3, 11, 0, 2, 5, 2, 5, 4, 4, 10, 11, 8, 6, 9, 4, 1, 2, 0, 15, 2, 14, 15, 0, 2, 3, 7, 3, 9, 1, 14, 9, 3, 13, 13, 11, 5, 14, 10, 7, 1, 5, 14, 13, 16, 4, 11, 0, 11, 11, 3, 5, 1, 16, 0, 10, 9, 0, 2, 1, 14, 7, 4, 15, 9]"
xerces,19,seed19_solution094,seed19_solution094,0.9290869877785766,0.15373694461962298,0.1678242394275109,0.9402282840639623,0.9290869877785766,-0.15373694461962298,0.1678242394275109,True,False,"[0, 1, 2, 3, 3, 4, 5, 6, 7, 8, 3, 8, 9, 6, 7, 9, 8, 6, 8, 10, 2, 7, 8, 11, 12, 3, 1, 5, 1, 6, 5, 9, 13, 12, 14, 13, 13, 11, 3, 6, 13, 13, 0, 3, 3, 0, 2, 8, 2, 5, 9, 6, 5, 3, 15, 15, 8, 0, 9, 7, 7, 8, 8, 12, 5, 6, 8, 14, 0, 10, 13, 11, 5, 9, 15, 12, 10, 4, 6, 7, 8, 3, 0, 11, 9, 2, 12, 1, 6, 9, 3, 6, 12, 15, 5, 7, 14, 16, 1, 8, 7, 3, 15, 16, 13, 0, 10, 12, 14, 12, 15, 16, 7, 13, 7, 9, 10, 11, 0, 5, 3, 12, 9, 3, 11, 0, 8, 4, 8, 16, 11, 5, 11, 11, 16, 10, 16, 12, 3, 16, 15, 11, 13, 11, 5, 3, 14, 9, 1, 15, 15, 12, 3, 2, 9, 7, 5, 10, 6, 1, 1, 14, 0, 5, 11, 13, 3, 6, 10, 13, 8, 10, 4, 14, 16, 13, 10, 14, 12, 2, 3, 0, 7, 15, 1, 5, 12, 4, 9, 9, 11, 13, 6, 5, 0, 4, 5, 2, 12, 3, 9, 13, 9, 1, 7, 16, 12, 11, 4, 0, 16, 2, 13, 4, 2, 5, 15, 10, 15, 4, 3, 1, 3, 5, 12, 1, 13, 3, 15, 4, 2, 9, 13, 9, 9, 10, 10, 9, 14, 2, 4, 1, 5, 3, 4, 2, 8, 12, 12, 9, 15, 12, 12, 15, 14, 12, 13, 0, 9, 10, 16, 14, 10, 16, 6, 0, 12, 11, 9, 5, 12, 14, 16, 2, 7, 12, 7, 4, 1, 5, 1, 6, 1, 13, 12, 6, 7, 9, 2, 3, 6, 4, 14, 10, 14, 1, 14, 9, 6, 8, 2, 6, 12, 10, 1, 2, 13, 2, 14, 3, 3, 5, 3, 11, 12, 3, 7, 10, 1, 12, 15, 1, 10, 9, 14, 10, 12, 4, 1, 5, 10, 5, 13, 2, 3, 5, 15, 11, 2, 7, 2, 12, 7, 8, 13, 13, 14, 8, 0, 10, 15, 16, 0, 5, 2, 8, 2, 0, 4, 1, 14, 15, 0, 3, 6, 10, 3, 11, 16, 4, 14, 2, 0, 7, 12, 9, 13, 7, 16, 14, 1, 2, 7, 14, 8, 5, 9, 10, 7, 4, 10, 6, 10, 13, 15, 7, 6, 9, 5, 8, 11, 7, 8, 7, 14, 6, 14, 2, 10, 3, 1, 16, 10, 0, 8, 6, 13, 0, 4, 2, 0, 11, 9, 16, 9, 12, 1, 8, 11, 16, 8, 7, 2, 3, 2, 0, 16, 15, 15, 2, 2, 7, 3, 0, 9, 14, 8, 2, 3, 2, 8, 14, 12, 7, 14, 10, 10, 15, 15, 0, 1, 8, 16, 7, 9, 9, 12, 13, 10, 8, 11, 14, 6, 4, 8, 13, 15, 2, 11, 15, 9, 11, 0, 10, 0, 11, 0, 14, 15, 2, 14, 7, 10, 9, 7, 16, 5, 5, 1, 15, 13, 12, 5, 12, 16, 7, 11, 14, 3, 1, 3, 10, 0, 14, 3, 9, 5, 16, 7, 3, 0, 9, 6, 15, 9, 10, 10, 9, 7, 4, 8, 13, 2, 1, 5, 12, 5, 14, 10, 16, 14, 9, 10, 6, 15, 0, 4, 1, 7, 5, 13, 15, 14, 12, 8, 14, 0, 11, 16, 8, 2, 13, 5, 12, 15, 10, 1, 5, 0, 5, 2, 5, 12, 16, 13, 3, 5, 6, 13, 12, 9, 15, 6, 13, 5, 13, 0, 4, 9, 15, 9, 8, 6, 4, 8, 6, 4, 9, 15, 12, 3, 16, 6, 1, 5, 1, 4, 0, 12, 2, 11, 13, 1, 14, 13, 9, 14, 9, 3, 0, 4, 14, 7, 9, 2, 16, 0, 11, 5, 3, 10, 5, 5, 13, 7, 13, 5, 15, 6, 3, 0, 9, 11, 9, 8, 10, 13, 15, 5, 6, 15, 12, 10, 12, 8, 11, 0, 13, 9, 10, 13, 1, 10, 10, 7, 7, 15, 8, 12, 9, 10, 8, 0, 1, 12, 9, 10, 7, 1, 14, 4, 13, 10, 16, 1, 2, 1, 9, 16, 14, 4, 0, 15, 16, 1, 1, 8, 1, 0, 5, 15, 7, 8, 5, 16, 12, 5, 1, 3, 0, 10, 3, 9, 0, 11, 14, 5, 15, 10, 10, 16, 0, 10, 3, 9, 9, 12, 7, 14, 5, 16, 14, 10, 15, 9, 5, 10, 7, 15, 9, 14, 5, 1, 9, 1, 4, 9, 6, 7, 3, 3, 5, 8, 8, 6, 2, 14, 4, 4, 8, 7, 13, 7, 10, 13, 14, 12, 10, 10, 2, 4, 14, 0, 2, 3, 8, 3, 9, 1, 15, 10, 7, 12, 1, 5, 6, 3, 8, 1, 1, 6, 15, 9, 16, 7, 12, 0, 6, 14, 3, 6, 14, 16, 0, 11, 10, 0, 2, 16, 15, 10, 4, 14, 12]"
xerces,19,seed19_solution095,seed19_solution095,0.9344069015097053,11.029676021269424,0.44586979267331533,0.9449541869908351,0.9344069015097053,-11.029676021269424,0.44586979267331533,True,False,"[0, 0, 1, 2, 1, 3, 4, 3, 5, 6, 0, 7, 8, 1, 5, 6, 6, 7, 6, 3, 7, 5, 6, 9, 10, 0, 1, 4, 0, 7, 4, 5, 11, 10, 10, 11, 11, 9, 3, 7, 11, 11, 0, 3, 2, 0, 1, 4, 1, 4, 5, 7, 12, 0, 13, 13, 6, 0, 6, 12, 5, 6, 6, 10, 2, 7, 4, 14, 0, 15, 11, 13, 0, 5, 0, 9, 10, 3, 14, 5, 4, 3, 0, 9, 8, 7, 10, 8, 7, 0, 3, 7, 10, 14, 12, 5, 14, 16, 8, 4, 5, 2, 13, 16, 11, 0, 10, 10, 14, 10, 13, 1, 5, 11, 5, 8, 15, 9, 0, 4, 3, 10, 8, 2, 13, 0, 6, 14, 6, 16, 9, 4, 9, 13, 8, 15, 4, 10, 3, 16, 1, 9, 11, 9, 4, 3, 13, 8, 1, 14, 13, 9, 2, 2, 8, 12, 14, 15, 7, 8, 1, 14, 0, 14, 9, 11, 1, 7, 15, 11, 6, 15, 0, 10, 16, 11, 5, 13, 10, 2, 2, 0, 12, 13, 1, 4, 9, 12, 5, 6, 9, 6, 3, 4, 0, 12, 12, 2, 10, 2, 8, 1, 8, 8, 5, 16, 10, 13, 3, 0, 16, 1, 6, 12, 2, 0, 11, 15, 6, 3, 3, 1, 9, 4, 10, 1, 11, 3, 13, 12, 2, 8, 11, 6, 6, 15, 10, 9, 10, 1, 3, 9, 2, 2, 12, 2, 6, 6, 10, 8, 13, 9, 6, 13, 13, 10, 0, 0, 14, 15, 16, 14, 10, 16, 9, 0, 10, 13, 8, 4, 9, 9, 16, 2, 5, 9, 6, 12, 1, 1, 1, 7, 14, 11, 0, 4, 6, 6, 2, 2, 3, 15, 14, 10, 14, 1, 15, 8, 15, 7, 1, 4, 9, 15, 1, 7, 8, 2, 10, 2, 3, 4, 1, 9, 10, 3, 5, 15, 8, 8, 14, 13, 15, 8, 13, 15, 10, 6, 1, 4, 15, 12, 11, 1, 3, 12, 14, 9, 2, 5, 2, 6, 5, 6, 11, 11, 14, 6, 0, 15, 13, 16, 0, 2, 1, 6, 0, 0, 3, 8, 13, 13, 10, 4, 3, 15, 3, 9, 16, 12, 14, 2, 0, 5, 6, 5, 11, 5, 16, 10, 1, 10, 10, 10, 12, 15, 2, 15, 5, 14, 15, 4, 15, 2, 13, 5, 5, 10, 2, 0, 9, 5, 7, 12, 14, 7, 16, 2, 15, 1, 8, 16, 16, 16, 16, 3, 11, 0, 16, 1, 3, 13, 8, 16, 6, 10, 1, 6, 9, 1, 6, 5, 1, 3, 2, 0, 16, 13, 13, 2, 1, 5, 3, 0, 2, 14, 7, 2, 2, 7, 4, 14, 10, 5, 14, 15, 4, 13, 13, 0, 1, 6, 16, 5, 10, 8, 10, 11, 10, 7, 13, 14, 3, 3, 14, 11, 11, 1, 13, 14, 8, 14, 0, 10, 0, 9, 0, 14, 11, 2, 14, 17, 15, 1, 14, 16, 7, 4, 1, 13, 15, 10, 4, 9, 16, 5, 13, 13, 3, 1, 1, 10, 0, 14, 3, 8, 4, 2, 1, 1, 0, 6, 4, 3, 8, 16, 15, 8, 12, 3, 3, 11, 2, 1, 4, 10, 12, 15, 15, 16, 14, 6, 10, 4, 14, 0, 14, 1, 12, 4, 11, 11, 14, 9, 6, 14, 0, 13, 16, 7, 1, 11, 4, 10, 13, 15, 1, 4, 0, 4, 2, 2, 9, 16, 15, 3, 4, 7, 11, 9, 6, 11, 7, 11, 4, 11, 0, 2, 8, 13, 6, 4, 3, 14, 6, 7, 0, 5, 13, 9, 3, 16, 4, 8, 4, 1, 14, 0, 10, 14, 7, 15, 8, 10, 11, 3, 14, 18, 3, 0, 3, 14, 5, 6, 2, 16, 0, 9, 4, 3, 15, 1, 4, 11, 5, 11, 12, 13, 3, 3, 0, 3, 8, 6, 4, 15, 11, 11, 4, 7, 14, 8, 15, 9, 6, 1, 0, 1, 4, 15, 11, 18, 15, 15, 5, 5, 1, 6, 9, 8, 10, 6, 0, 19, 10, 8, 15, 19, 19, 10, 3, 15, 15, 16, 1, 2, 1, 6, 16, 14, 12, 0, 13, 16, 1, 1, 6, 1, 0, 4, 13, 5, 6, 4, 16, 10, 12, 8, 3, 0, 14, 3, 8, 0, 9, 14, 4, 14, 15, 10, 16, 0, 15, 14, 8, 8, 10, 5, 13, 12, 16, 14, 15, 13, 8, 4, 15, 12, 2, 8, 13, 4, 8, 6, 1, 14, 8, 7, 1, 2, 8, 4, 7, 2, 7, 1, 10, 12, 12, 9, 5, 11, 5, 15, 11, 14, 9, 15, 15, 1, 12, 13, 10, 2, 2, 7, 1, 5, 1, 14, 15, 12, 9, 1, 2, 4, 2, 6, 1, 8, 7, 14, 8, 16, 5, 9, 7, 7, 14, 2, 4, 14, 16, 0, 13, 15, 0, 2, 16, 14, 15, 12, 8, 10]"
xerces,19,seed19_solution096,seed19_solution096,0.9355859094176852,11.027415480141745,0.44580208995450893,0.9456068610648961,0.9355859094176852,-11.027415480141745,0.44580208995450893,True,False,"[0, 0, 1, 2, 1, 3, 4, 3, 5, 6, 0, 7, 8, 1, 5, 6, 6, 7, 6, 3, 7, 5, 6, 9, 10, 0, 1, 4, 0, 7, 4, 5, 11, 10, 10, 11, 11, 9, 3, 7, 11, 11, 0, 3, 2, 0, 1, 4, 1, 4, 5, 7, 12, 0, 13, 13, 6, 0, 6, 12, 5, 6, 6, 10, 2, 7, 4, 14, 0, 15, 11, 13, 0, 5, 0, 9, 10, 3, 14, 5, 4, 3, 0, 9, 8, 7, 10, 8, 7, 0, 3, 7, 10, 14, 12, 5, 14, 16, 8, 4, 5, 2, 13, 16, 11, 0, 10, 10, 14, 10, 13, 1, 5, 11, 5, 8, 15, 9, 0, 4, 3, 10, 8, 2, 13, 0, 6, 14, 6, 16, 9, 4, 9, 13, 8, 15, 4, 10, 3, 16, 1, 9, 11, 9, 4, 3, 13, 8, 1, 14, 13, 9, 2, 2, 8, 12, 14, 15, 7, 8, 1, 14, 0, 14, 9, 11, 1, 7, 15, 11, 6, 15, 0, 10, 16, 11, 5, 13, 10, 2, 2, 0, 12, 13, 1, 4, 9, 12, 5, 6, 9, 6, 3, 4, 0, 12, 12, 2, 10, 2, 8, 1, 8, 8, 5, 16, 10, 13, 3, 0, 16, 1, 6, 12, 2, 0, 11, 15, 6, 3, 3, 1, 9, 4, 10, 1, 11, 3, 13, 12, 2, 8, 11, 6, 6, 15, 10, 9, 10, 1, 3, 9, 2, 2, 12, 2, 6, 6, 10, 8, 13, 9, 6, 13, 13, 10, 0, 0, 14, 15, 16, 14, 10, 16, 9, 0, 10, 13, 8, 4, 9, 9, 16, 2, 5, 16, 6, 12, 1, 1, 1, 7, 14, 11, 0, 4, 6, 6, 2, 2, 3, 15, 14, 10, 14, 1, 15, 8, 15, 7, 1, 4, 9, 15, 1, 7, 8, 2, 10, 2, 3, 4, 1, 9, 10, 3, 5, 15, 8, 8, 14, 13, 15, 8, 13, 15, 10, 6, 1, 4, 15, 12, 11, 1, 3, 12, 14, 9, 2, 5, 2, 6, 5, 6, 11, 11, 14, 6, 0, 15, 13, 16, 0, 2, 1, 6, 0, 0, 3, 8, 13, 13, 10, 4, 3, 15, 3, 9, 16, 12, 14, 2, 0, 5, 6, 5, 11, 5, 16, 10, 1, 10, 10, 10, 12, 15, 2, 15, 5, 14, 15, 4, 15, 2, 13, 5, 5, 10, 2, 0, 9, 5, 7, 12, 14, 7, 16, 2, 15, 1, 8, 16, 16, 16, 16, 3, 11, 0, 16, 1, 3, 13, 8, 16, 6, 10, 1, 6, 9, 1, 6, 5, 1, 3, 2, 0, 16, 13, 13, 2, 1, 5, 3, 0, 2, 14, 7, 2, 2, 7, 4, 14, 10, 5, 14, 15, 4, 13, 13, 0, 1, 6, 16, 5, 10, 8, 10, 11, 10, 7, 13, 14, 3, 3, 14, 11, 11, 1, 13, 14, 8, 14, 0, 10, 0, 9, 0, 14, 11, 2, 14, 17, 15, 1, 14, 16, 7, 4, 1, 13, 15, 10, 4, 9, 16, 5, 13, 13, 3, 1, 1, 10, 0, 14, 3, 8, 4, 2, 1, 1, 0, 6, 4, 3, 8, 16, 15, 8, 12, 3, 3, 11, 2, 1, 4, 10, 12, 15, 15, 16, 14, 6, 10, 4, 14, 0, 14, 1, 12, 4, 11, 11, 14, 9, 6, 14, 0, 13, 16, 7, 1, 11, 4, 10, 13, 15, 1, 4, 0, 4, 2, 2, 9, 16, 15, 3, 4, 7, 11, 9, 6, 11, 7, 11, 4, 11, 0, 2, 8, 13, 6, 4, 3, 14, 6, 7, 0, 5, 13, 9, 3, 16, 4, 8, 4, 1, 14, 0, 10, 14, 7, 15, 8, 10, 11, 3, 14, 18, 3, 0, 3, 14, 5, 6, 2, 16, 0, 9, 4, 3, 15, 1, 4, 11, 5, 11, 12, 13, 3, 3, 0, 3, 8, 6, 4, 15, 11, 11, 4, 7, 14, 8, 15, 9, 6, 1, 0, 1, 4, 15, 11, 18, 15, 15, 5, 5, 1, 6, 9, 8, 10, 6, 0, 19, 10, 8, 15, 19, 19, 10, 3, 15, 15, 16, 1, 2, 1, 6, 16, 14, 12, 0, 13, 16, 1, 1, 6, 1, 0, 4, 13, 5, 6, 4, 16, 10, 12, 8, 3, 0, 14, 3, 8, 0, 9, 14, 4, 14, 15, 10, 16, 0, 15, 14, 8, 8, 10, 5, 13, 12, 16, 14, 15, 13, 8, 4, 15, 12, 2, 8, 13, 4, 8, 6, 1, 14, 8, 7, 1, 2, 8, 4, 7, 2, 7, 1, 10, 12, 12, 9, 5, 11, 5, 15, 11, 14, 9, 15, 15, 1, 12, 13, 10, 2, 2, 7, 1, 5, 1, 14, 15, 12, 9, 1, 2, 4, 2, 6, 1, 8, 7, 14, 8, 16, 5, 9, 7, 7, 14, 2, 4, 14, 16, 0, 13, 15, 0, 2, 16, 14, 15, 12, 8, 10]"
xerces,19,seed19_solution097,seed19_solution097,0.9590797987059669,0.17596668782058336,0.32741804920781425,0.9737108341226084,0.9590797987059669,-0.17596668782058336,0.32741804920781425,True,False,"[0, 1, 0, 2, 2, 3, 4, 4, 4, 5, 5, 6, 1, 5, 7, 5, 8, 9, 2, 10, 11, 12, 11, 13, 4, 14, 15, 14, 16, 0, 17, 14, 2, 4, 6, 18, 0, 19, 6, 4, 7, 12, 11, 20, 2, 21, 22, 13, 23, 23, 10, 0, 1, 13, 2, 9, 8, 9, 10, 24, 4, 25, 1, 19, 26, 5, 8, 27, 21, 4, 28, 5, 4, 16, 3, 15, 3, 9, 24, 0, 29, 19, 22, 3, 6, 18, 7, 12, 13, 23, 23, 10, 14, 12, 15, 30, 16, 31, 32, 1, 21, 11, 19, 18, 2, 4, 0, 31, 21, 9, 17, 16, 9, 30, 26, 8, 28, 6, 5, 29, 19, 14, 30, 0, 7, 33, 6, 2, 8, 26, 26, 16, 26, 34, 13, 28, 23, 7, 34, 5, 8, 31, 29, 35, 8, 26, 8, 13, 28, 22, 14, 10, 22, 9, 19, 32, 5, 15, 12, 18, 27, 30, 33, 29, 15, 15, 14, 20, 6, 10, 20, 20, 17, 28, 8, 11, 12, 3, 28, 5, 1, 4, 11, 12, 20, 14, 11, 14, 18, 9, 12, 26, 8, 18, 26, 8, 34, 33, 34, 25, 11, 19, 11, 29, 10, 7, 6, 4, 11, 14, 21, 22, 30, 22, 19, 14, 17, 32, 7, 2, 15, 25, 8, 3, 3, 12, 13, 5, 5, 27, 28, 36, 16, 17, 31, 36, 20, 21, 34, 23, 31, 14, 33, 22, 17, 34, 6, 30, 26, 3, 6, 5, 33, 19, 9, 30, 10, 13, 12, 27, 19, 19, 20, 32, 20, 13, 28, 28, 19, 15, 13, 34, 13, 18, 1, 8, 26, 33, 16, 10, 2, 18, 31, 24, 2, 31, 6, 0, 6, 28, 21, 11, 9, 1, 15, 5, 32, 22, 26, 11, 14, 18, 19, 3, 26, 4, 12, 28, 22, 4, 31, 23, 12, 26, 26, 18, 0, 3, 10, 35, 14, 35, 24, 23, 2, 14, 6, 19, 3, 16, 27, 22, 11, 8, 18, 11, 20, 6, 12, 21, 23, 2, 17, 16, 31, 13, 23, 16, 14, 16, 26, 16, 0, 6, 23, 18, 14, 6, 13, 26, 4, 30, 30, 36, 8, 9, 0, 9, 12, 15, 23, 17, 1, 7, 11, 22, 28, 28, 27, 37, 21, 28, 35, 5, 16, 19, 0, 3, 14, 15, 25, 5, 16, 15, 14, 6, 10, 3, 8, 30, 3, 15, 23, 22, 8, 19, 15, 25, 13, 19, 36, 18, 26, 10, 1, 8, 10, 28, 19, 24, 21, 8, 27, 9, 12, 34, 24, 1, 31, 10, 6, 14, 20, 29, 7, 4, 30, 20, 3, 26, 32, 6, 18, 22, 10, 21, 3, 28, 20, 17, 32, 36, 30, 30, 20, 19, 22, 0, 19, 18, 18, 24, 21, 15, 2, 9, 20, 23, 19, 5, 6, 35, 20, 13, 26, 12, 11, 27, 23, 36, 16, 7, 8, 17, 18, 29, 13, 13, 26, 10, 4, 7, 1, 5, 37, 1, 10, 23, 21, 21, 4, 11, 3, 9, 31, 32, 3, 23, 36, 18, 27, 4, 9, 35, 27, 13, 18, 22, 31, 12, 12, 27, 34, 27, 28, 25, 23, 16, 15, 15, 34, 20, 16, 7, 4, 12, 15, 19, 10, 12, 16, 18, 3, 37, 12, 21, 7, 25, 4, 33, 30, 15, 36, 10, 30, 6, 5, 10, 26, 22, 15, 26, 21, 18, 0, 10, 16, 34, 21, 25, 29, 32, 17, 30, 34, 3, 30, 1, 15, 11, 26, 5, 36, 4, 24, 2, 19, 37, 13, 5, 33, 22, 29, 13, 25, 13, 31, 16, 6, 37, 35, 6, 36, 6, 3, 29, 19, 14, 4, 9, 12, 16, 37, 18, 9, 9, 17, 21, 15, 32, 27, 28, 3, 19, 3, 23, 13, 28, 4, 8, 32, 0, 10, 4, 22, 14, 23, 16, 30, 36, 5, 4, 22, 17, 3, 2, 33, 22, 20, 26, 22, 21, 14, 28, 36, 27, 23, 31, 27, 20, 11, 19, 11, 10, 17, 5, 8, 20, 17, 1, 6, 2, 0, 33, 32, 4, 18, 15, 17, 17, 20, 23, 6, 7, 19, 17, 4, 14, 14, 22, 0, 10, 11, 21, 6, 23, 16, 11, 15, 0, 2, 9, 9, 10, 12, 17, 2, 33, 30, 9, 16, 6, 33, 8, 7, 15, 6, 17, 22, 29, 6, 31, 8, 5, 19, 18, 13, 21, 18, 2, 30, 27, 1, 18, 0, 14, 16, 12, 3, 10, 13, 7, 8, 2, 32, 3, 5, 31, 8, 35, 32, 24, 8, 6, 8, 13, 23, 13, 31, 33, 27, 3, 1, 35, 14, 17, 1, 5, 16, 21, 36, 8, 33, 13, 13, 6, 20, 18, 17, 11, 23, 7, 12, 3, 26, 17, 12, 18, 13, 27, 36, 23, 9, 12, 6, 29, 18, 26, 34, 28, 23, 12, 8, 22, 12, 23, 11, 8, 9, 26, 3, 19, 17, 14]"
xerces,19,seed19_solution098,seed19_solution098,0.9764485981308412,0.17624073562204537,0.28094832004985926,0.9815855205326287,0.9764485981308412,-0.17624073562204537,0.28094832004985926,True,False,"[0, 1, 2, 3, 4, 5, 6, 7, 1, 8, 9, 10, 11, 12, 4, 13, 14, 15, 16, 0, 17, 18, 19, 4, 2, 20, 21, 22, 23, 24, 11, 18, 3, 25, 26, 27, 20, 28, 29, 30, 31, 29, 31, 32, 29, 33, 34, 35, 17, 36, 30, 37, 21, 38, 20, 39, 20, 40, 33, 15, 38, 41, 15, 4, 39, 42, 11, 43, 0, 5, 44, 17, 0, 45, 46, 14, 29, 47, 37, 14, 14, 17, 2, 32, 21, 48, 48, 27, 42, 37, 34, 24, 35, 11, 42, 49, 24, 23, 41, 30, 6, 34, 46, 28, 29, 8, 45, 39, 6, 45, 47, 13, 22, 33, 29, 27, 38, 6, 20, 10, 1, 42, 35, 29, 30, 16, 14, 34, 29, 47, 50, 13, 41, 13, 17, 12, 25, 24, 24, 14, 46, 7, 46, 29, 43, 7, 13, 47, 40, 14, 38, 11, 30, 4, 16, 33, 25, 37, 17, 41, 35, 40, 45, 44, 25, 33, 23, 45, 19, 10, 32, 43, 22, 33, 51, 24, 51, 17, 2, 52, 36, 31, 12, 23, 47, 15, 8, 18, 9, 41, 41, 22, 53, 1, 25, 32, 32, 1, 53, 31, 38, 2, 19, 10, 21, 32, 26, 32, 16, 37, 0, 34, 54, 36, 4, 32, 45, 7, 24, 1, 16, 26, 32, 29, 1, 34, 37, 27, 22, 28, 44, 14, 10, 3, 34, 11, 2, 13, 45, 8, 4, 9, 35, 42, 23, 23, 51, 37, 42, 55, 54, 12, 27, 55, 3, 44, 51, 5, 19, 31, 46, 40, 53, 43, 47, 3, 29, 14, 53, 25, 38, 37, 55, 2, 51, 30, 43, 16, 38, 5, 19, 30, 29, 29, 37, 10, 49, 3, 19, 35, 27, 48, 42, 39, 31, 22, 42, 20, 6, 37, 19, 15, 5, 41, 10, 29, 52, 54, 1, 45, 40, 40, 55, 13, 16, 10, 5, 26, 22, 46, 40, 45, 14, 10, 47, 52, 12, 34, 2, 2, 45, 9, 21, 44, 22, 37, 47, 4, 29, 47, 16, 18, 13, 37, 2, 52, 0, 21, 14, 40, 10, 45, 46, 43, 10, 5, 6, 16, 50, 35, 19, 42, 3, 40, 2, 52, 7, 45, 22, 19, 33, 11, 50, 53, 22, 20, 36, 45, 8, 34, 29, 44, 18, 24, 4, 13, 9, 43, 47, 22, 30, 43, 22, 55, 8, 51, 40, 50, 29, 26, 4, 45, 44, 0, 51, 44, 37, 45, 44, 16, 17, 14, 43, 27, 51, 0, 55, 49, 6, 34, 42, 1, 40, 29, 51, 28, 32, 47, 33, 32, 34, 31, 26, 49, 22, 38, 36, 5, 52, 54, 51, 34, 14, 53, 44, 24, 24, 28, 46, 24, 54, 29, 54, 4, 18, 49, 22, 6, 24, 4, 1, 8, 5, 43, 55, 27, 47, 6, 27, 24, 23, 36, 38, 52, 47, 32, 53, 42, 32, 38, 41, 26, 41, 18, 51, 7, 22, 55, 55, 48, 34, 22, 21, 45, 15, 37, 2, 22, 15, 24, 4, 28, 7, 14, 42, 50, 18, 54, 46, 53, 34, 20, 4, 28, 6, 13, 27, 23, 11, 43, 50, 50, 28, 8, 48, 37, 45, 36, 19, 24, 48, 50, 47, 19, 39, 20, 33, 28, 41, 9, 25, 44, 48, 27, 47, 26, 37, 11, 44, 9, 52, 13, 27, 38, 18, 46, 7, 40, 44, 20, 22, 6, 21, 39, 8, 38, 20, 4, 45, 22, 7, 52, 50, 47, 46, 22, 44, 20, 23, 17, 42, 27, 10, 50, 41, 21, 40, 3, 17, 18, 49, 7, 41, 20, 45, 46, 22, 42, 35, 22, 3, 28, 37, 12, 7, 35, 51, 22, 24, 10, 31, 18, 42, 44, 19, 27, 25, 34, 15, 51, 46, 23, 1, 45, 17, 37, 7, 35, 29, 0, 19, 15, 23, 32, 10, 41, 55, 33, 41, 41, 3, 45, 38, 50, 27, 9, 15, 16, 36, 31, 5, 50, 43, 50, 54, 42, 50, 20, 47, 23, 18, 1, 27, 32, 11, 44, 18, 36, 21, 22, 46, 3, 40, 9, 4, 33, 43, 41, 41, 31, 14, 47, 34, 47, 50, 38, 2, 48, 27, 24, 50, 12, 10, 22, 12, 28, 16, 30, 53, 15, 41, 33, 2, 2, 2, 38, 27, 12, 51, 32, 17, 1, 21, 36, 17, 16, 28, 21, 50, 9, 43, 53, 15, 34, 3, 24, 24, 20, 37, 22, 38, 33, 39, 40, 18, 47, 54, 47, 3, 50, 23, 23, 18, 25, 12, 27, 48, 44, 55, 21, 7, 9, 49, 49, 13, 3, 37, 24, 4, 20, 20, 12, 26, 20, 43, 24, 27, 43, 21, 6, 52, 13, 40, 15, 21, 2, 28, 36, 47, 27, 26, 53, 2, 1, 20, 18, 14, 42, 38, 36, 0, 49, 42, 23, 44, 50, 39, 3, 3, 36, 30, 11, 14, 54, 15, 31, 45, 38, 6, 19, 1, 47, 32, 12]"
xerces,19,seed19_solution099,seed19_solution099,0.9783465132997843,0.16948840949223137,0.27974243528392667,0.9809698291386968,0.9783465132997843,-0.16948840949223137,0.27974243528392667,True,False,"[0, 1, 2, 3, 4, 5, 6, 7, 1, 8, 9, 10, 11, 12, 4, 13, 14, 15, 16, 0, 17, 18, 19, 4, 2, 20, 21, 22, 23, 24, 11, 18, 3, 25, 26, 27, 20, 28, 29, 30, 31, 29, 31, 32, 29, 33, 34, 35, 17, 36, 30, 37, 21, 38, 20, 39, 20, 40, 33, 15, 38, 41, 15, 4, 39, 42, 11, 43, 0, 5, 44, 17, 0, 45, 46, 14, 29, 47, 37, 14, 14, 17, 2, 32, 21, 48, 48, 27, 42, 37, 34, 24, 35, 11, 42, 49, 24, 23, 41, 30, 6, 34, 46, 28, 29, 8, 45, 39, 6, 45, 47, 13, 22, 33, 29, 27, 38, 6, 20, 10, 1, 42, 35, 29, 30, 16, 14, 34, 29, 47, 50, 13, 41, 13, 17, 12, 25, 24, 24, 14, 46, 7, 46, 29, 43, 7, 13, 47, 40, 14, 38, 11, 30, 4, 16, 33, 25, 37, 17, 41, 35, 40, 45, 44, 25, 33, 23, 45, 19, 10, 32, 43, 22, 33, 51, 24, 51, 17, 2, 52, 36, 31, 12, 23, 47, 15, 8, 18, 9, 41, 41, 22, 53, 1, 25, 32, 32, 1, 53, 31, 38, 2, 19, 10, 21, 32, 26, 32, 16, 37, 0, 34, 54, 36, 4, 32, 45, 7, 24, 1, 16, 26, 32, 29, 1, 34, 37, 27, 22, 28, 44, 14, 10, 3, 34, 11, 2, 13, 45, 8, 4, 9, 35, 42, 23, 23, 51, 37, 42, 55, 54, 12, 27, 55, 3, 44, 51, 5, 19, 31, 46, 40, 53, 43, 47, 3, 29, 14, 53, 25, 38, 37, 55, 2, 51, 30, 43, 16, 38, 5, 19, 30, 29, 29, 37, 10, 49, 3, 19, 35, 27, 48, 42, 39, 31, 22, 42, 20, 6, 37, 19, 15, 5, 41, 10, 29, 52, 54, 1, 45, 40, 40, 55, 13, 16, 10, 5, 26, 22, 46, 40, 45, 14, 10, 47, 52, 12, 34, 2, 2, 45, 9, 21, 44, 22, 37, 47, 4, 29, 47, 16, 18, 13, 37, 2, 52, 0, 21, 14, 40, 10, 45, 46, 43, 10, 5, 6, 16, 50, 35, 19, 42, 3, 40, 2, 52, 7, 45, 22, 19, 33, 11, 50, 53, 22, 20, 36, 45, 8, 34, 29, 44, 18, 24, 4, 13, 9, 43, 47, 22, 30, 43, 22, 55, 8, 51, 40, 50, 29, 26, 4, 45, 44, 0, 51, 44, 37, 45, 44, 16, 17, 14, 43, 27, 51, 0, 55, 49, 6, 34, 42, 1, 40, 29, 51, 28, 32, 47, 33, 32, 34, 31, 26, 49, 22, 38, 36, 5, 52, 54, 51, 34, 14, 53, 44, 24, 24, 28, 46, 24, 54, 29, 54, 4, 18, 49, 22, 6, 24, 4, 1, 8, 5, 43, 55, 27, 47, 6, 27, 24, 23, 36, 38, 52, 47, 32, 53, 42, 32, 38, 41, 26, 41, 18, 51, 7, 22, 55, 55, 48, 34, 22, 21, 45, 15, 37, 2, 22, 15, 24, 4, 28, 7, 14, 42, 50, 18, 54, 46, 53, 34, 20, 4, 28, 6, 13, 27, 23, 11, 43, 50, 50, 28, 8, 48, 37, 45, 36, 19, 24, 48, 39, 47, 19, 39, 20, 33, 28, 41, 9, 25, 44, 48, 27, 47, 26, 37, 11, 44, 9, 52, 13, 27, 38, 18, 46, 7, 40, 44, 20, 22, 6, 21, 39, 8, 38, 20, 4, 45, 22, 7, 52, 50, 47, 46, 22, 44, 20, 23, 17, 42, 27, 10, 50, 41, 21, 40, 3, 17, 18, 49, 7, 41, 20, 45, 46, 22, 42, 35, 22, 3, 28, 37, 12, 7, 35, 51, 22, 24, 10, 31, 18, 42, 44, 19, 27, 25, 34, 15, 51, 46, 23, 1, 45, 17, 37, 7, 35, 29, 0, 19, 15, 23, 32, 10, 41, 55, 33, 41, 41, 3, 45, 38, 50, 27, 9, 15, 16, 36, 31, 5, 50, 43, 50, 54, 42, 50, 20, 47, 23, 18, 1, 27, 32, 11, 44, 18, 36, 21, 22, 46, 3, 40, 9, 4, 33, 43, 41, 41, 31, 14, 47, 34, 47, 50, 38, 2, 48, 27, 24, 50, 12, 10, 22, 12, 28, 16, 30, 53, 15, 41, 33, 2, 2, 2, 38, 27, 12, 51, 32, 17, 1, 21, 36, 17, 16, 28, 21, 50, 9, 43, 53, 15, 34, 3, 24, 24, 20, 37, 22, 38, 33, 39, 40, 18, 47, 54, 47, 3, 50, 23, 23, 18, 25, 12, 27, 48, 44, 55, 21, 7, 9, 49, 49, 13, 3, 37, 24, 4, 20, 20, 12, 26, 20, 43, 24, 27, 43, 21, 6, 52, 13, 27, 15, 21, 2, 28, 36, 47, 27, 26, 53, 2, 1, 20, 18, 14, 42, 38, 36, 0, 49, 42, 23, 44, 50, 39, 3, 3, 36, 30, 11, 14, 54, 15, 31, 45, 38, 6, 19, 1, 47, 32, 12]"
